frame_id track_id object_class alpha box_height box_width box_length box_center_x box_center_y box_center_z box_rotation_x box_rotation_y box_rotation_z box_rotation_w box2d_minx box2d_miny box2d_maxx box2d_maxy camera moving
000_1 2 vehicle -10 1.75 2.0167253017425537 4.577319145202637 15.005819320678711 17.03717041015625 0.5542771816253662 5.075832961274781e-19 4.718471166320236e-19 0.9983576891866234 -0.05728808289640639 462.5379333496094 670.8352661132812 914.6629638671875 874.718505859375 SideFrontCam01 0
001_1 2 vehicle -10 1.75 2.0167253017425537 4.577319145202637 15.005571365356445 17.037132263183594 0.5542752146720886 0.0004720925256071472 -0.001032850456914027 0.9983564353033051 -0.05729867744598044 449.5408630371094 672.8325805664062 905.3344116210938 878.4078979492188 SideFrontCam01 0
002_1 2 vehicle -10 1.75 2.0167253017425537 4.577319145202637 15.00532341003418 17.037092208862305 0.554273247718811 0.000631575572545492 -0.0017557406382286405 0.9983548774126592 -0.057306694490798275 438.34295654296875 674.6688842773438 897.6557006835938 881.8521728515625 SideFrontCam01 0
003_1 2 vehicle -10 1.75 2.0167253017425537 4.577319145202637 15.005075454711914 17.037052154541016 0.5542713403701782 0.0006497880258237774 -0.0025163184012183797 0.9983527430091316 -0.057315324681695444 428.15228271484375 677.1033935546875 890.934814453125 886.0444946289062 SideFrontCam01 0
004_1 2 vehicle -10 1.75 2.0167253017425537 4.577319145202637 15.004827499389648 17.03701400756836 0.5542693734169006 0.0008058528144947194 -0.002423796763602287 0.9983529109927947 -0.05731440414680247 416.79107666015625 676.6657104492188 883.0526123046875 886.6282348632812 SideFrontCam01 0
005_1 2 vehicle -10 1.75 2.0167253017425537 4.577319145202637 15.004579544067383 17.03697395324707 0.554267406463623 0.0005821568834115699 -0.002262539992039048 0.9983535608554016 -0.05731238551558843 405.9250793457031 677.0446166992188 875.6117553710938 888.2257690429688 SideFrontCam01 0
006_1 2 vehicle -10 1.75 2.0167253017425537 4.577319145202637 15.0043306350708 17.03693389892578 0.5542654395103455 0.0005598340870667317 -0.0020588506703458883 0.99835414702917 -0.05731007615917547 397.46270751953125 676.8292236328125 870.365478515625 889.0079345703125 SideFrontCam01 0
007_1 2 vehicle -10 1.75 2.0167253017425537 4.577319145202637 15.004082679748535 17.036895751953125 0.5542635321617126 0.0003034032015643146 -0.0018399677001281485 0.9983548320306723 -0.05730751980646018 390.65960693359375 677.0082397460938 866.694091796875 890.26416015625 SideFrontCam01 0
008_1 2 vehicle -10 1.75 2.0167253017425537 4.577319145202637 15.00383472442627 17.036855697631836 0.5542615652084351 3.362908989523292e-05 -0.0019094167607024998 0.9983547116389472 -0.057308138558435015 384.330322265625 678.1271362304688 863.4539794921875 892.7039794921875 SideFrontCam01 0
009_1 2 vehicle -10 1.75 2.0167253017425537 4.577319145202637 15.003586769104004 17.036815643310547 0.5542595982551575 -0.00012271224325016204 -0.00146057808682871 0.9983557382625365 -0.05730332914956363 376.4919128417969 677.5247802734375 858.7975463867188 892.996337890625 SideFrontCam01 0
010_1 2 vehicle -10 1.75 2.0167253017425537 4.577319145202637 15.003338813781738 17.03677749633789 0.5542576909065247 -0.00048087635512757235 -0.0012433432101146607 0.9983560550364147 -0.057301049097902804 368.9940185546875 677.9307250976562 854.4645385742188 894.5556640625 SideFrontCam01 0
011_1 2 vehicle -10 1.75 2.0167253017425537 4.577319145202637 15.003090858459473 17.0367374420166 0.5542557239532471 -0.0008910846662911113 -0.0012154984021618437 0.9983558262842606 -0.057300721252205755 362.7457275390625 679.0994873046875 851.3023071289062 897.058837890625 SideFrontCam01 0
012_1 2 vehicle -10 1.75 2.0167253017425537 4.577319145202637 15.002842903137207 17.036699295043945 0.5542537569999695 -0.001342991575916355 -0.00094978545514308 0.9983557556707671 -0.05729816227653203 356.0245666503906 679.658447265625 847.6668701171875 898.7913208007812 SideFrontCam01 0
013_1 2 vehicle -10 1.75 2.0167253017425537 4.577319145202637 15.002593994140625 17.036659240722656 0.5542517900466919 -0.0016602123876863256 -0.0007888670500175796 0.9983555024209826 -0.05729670295359414 347.9033203125 680.1619262695312 842.74072265625 900.4953002929688 SideFrontCam01 0
014_1 2 vehicle -10 1.75 2.0167253017425537 4.577319145202637 15.00234603881836 17.036619186401367 0.5542498826980591 -0.0018420572067995749 -0.0007786956822679299 0.9983551966487608 -0.057296612314301706 338.429931640625 680.8474731445312 836.570068359375 902.4549560546875 SideFrontCam01 0
015_1 2 vehicle -10 1.75 2.0167253017425537 4.577319145202637 15.002098083496094 17.03658103942871 0.5542479157447815 -0.002083545436719694 -0.0012458269613619022 0.9983540217207736 -0.05730055905095994 329.9154968261719 683.00537109375 831.2634887695312 906.2575073242188 SideFrontCam01 0
016_1 2 vehicle -10 1.75 2.0167253017425537 4.577319145202637 15.001850128173828 17.036540985107422 0.5542459487915039 -0.0024692789076883413 -0.0017104149802599981 0.9983522495520103 -0.057304126873305945 320.7979431152344 685.5228881835938 825.3762817382812 910.524658203125 SideFrontCam01 0
017_1 2 vehicle -10 1.75 2.0167253017425537 4.577319145202637 15.001602172851562 17.036500930786133 0.5542440414428711 -0.0027911493536999224 -0.001555037911363718 0.9983517478988332 -0.05730252009924363 311.0138854980469 686.1109619140625 818.9080200195312 912.3683471679688 SideFrontCam01 0
018_1 2 vehicle -10 1.75 2.0167253017425537 4.577319145202637 15.001354217529297 17.036462783813477 0.5542420744895935 -0.0030662003193521726 -0.0014018522681312575 0.998351252524198 -0.05730104544582969 301.0075988769531 686.5784301757812 812.2750854492188 914.084716796875 SideFrontCam01 0
019_1 2 vehicle -10 1.75 2.0167253017425537 4.577319145202637 15.001105308532715 17.036422729492188 0.5542401075363159 -0.0032432006314879734 -0.00120352211883758 0.9983510468843583 -0.05729939239712288 291.42718505859375 686.646484375 805.984619140625 915.2548828125 SideFrontCam01 0
020_1 2 vehicle -10 1.75 2.0167253017425537 4.577319145202637 15.00085735321045 17.0363826751709 0.5542381405830383 -0.003568077030420311 -0.0010983700712016667 0.9983501196828817 -0.057298350226402645 281.33526611328125 687.26318359375 799.2422485351562 917.1434326171875 SideFrontCam01 0
021_1 2 vehicle -10 1.75 2.0167253017425537 4.577319145202637 15.000609397888184 17.036344528198242 0.5542362332344055 -0.003950690060405641 -0.0013285414256929587 0.9983483306509253 -0.057299543734985504 270.6025390625 689.1297607421875 791.9259033203125 920.6527099609375 SideFrontCam01 0
022_1 2 vehicle -10 1.75 2.0167253017425537 4.577319145202637 15.000361442565918 17.036304473876953 0.5542342662811279 -0.004430917064619044 -0.0015573285030641014 0.9983459365931588 -0.05730037163778844 259.11932373046875 691.1328735351562 783.9209594726562 924.3527221679688 SideFrontCam01 0
023_1 2 vehicle -10 1.75 2.0167253017425537 4.577319145202637 15.000113487243652 17.036264419555664 0.5542322993278503 -0.005011030444355503 -0.001880337164423364 0.9983425851240413 -0.057301279513464844 246.9183807373047 693.6640625 775.2798461914062 928.7571411132812 SideFrontCam01 0
024_1 2 vehicle -10 1.75 2.0167253017425537 4.577319145202637 14.99986457824707 17.036226272583008 0.5542303919792175 -0.005164665825799489 -0.002260500012489739 0.9983409078683998 -0.057303124200174936 233.61158752441406 695.5216064453125 765.6524658203125 932.3408203125 SideFrontCam01 0
025_1 2 vehicle -10 1.75 2.0167253017425537 4.577319145202637 14.999616622924805 17.03618621826172 0.5542284250259399 -0.0053152795028453366 -0.0024968318089588254 0.9983394995406054 -0.05730407744426192 220.521728515625 696.8291625976562 756.1845092773438 935.2005615234375 SideFrontCam01 0
026_1 2 vehicle -10 1.75 2.0167253017425537 4.577319145202637 14.999368667602539 17.03614616394043 0.5542264580726624 -0.005941796792012406 -0.002723031646556438 0.9983354125205138 -0.057303440184947485 208.15823364257812 699.2470703125 747.3826904296875 939.4647216796875 SideFrontCam01 0
027_1 2 vehicle -10 1.75 2.0167253017425537 4.577319145202637 14.999120712280273 17.036108016967773 0.5542244911193848 -0.006333989746232377 -0.0030017049044573974 0.9983321990003595 -0.057303497106788934 194.79957580566406 701.2623901367188 737.7119140625 943.2616577148438 SideFrontCam01 0
028_1 2 vehicle -10 1.75 2.0167253017425537 4.577319145202637 14.998871803283691 17.036067962646484 0.554222583770752 -0.006252102517672168 -0.003193679008247504 0.9983320497786078 -0.05730471196458745 179.82546997070312 701.9760131835938 726.5948486328125 945.4390869140625 SideFrontCam01 0
029_1 2 vehicle -10 1.75 2.0167253017425537 4.577319145202637 14.998623847961426 17.036029815673828 0.5542206168174744 -0.00611366040270329 -0.0031960783058131224 0.9983328696525126 -0.057305231971634986 165.99639892578125 702.0538330078125 716.4872436523438 946.7493896484375 SideFrontCam01 0
030_1 2 vehicle -10 1.75 2.0167253017425537 4.577319145202637 14.99837589263916 17.03598976135254 0.5542186498641968 -0.006298432635982309 -0.0030484582230756673 0.9983322622863325 -0.057303845656687 154.50772094726562 702.3080444335938 708.4197998046875 948.1871337890625 SideFrontCam01 0
031_1 2 vehicle -10 1.75 2.0167253017425537 4.577319145202637 14.998127937316895 17.03594970703125 0.554216742515564 -0.0065802507178250565 -0.002946708204302864 0.9983308347194233 -0.057302370454186645 143.18881225585938 702.8300170898438 700.5402221679688 949.9887084960938 SideFrontCam01 0
032_1 2 vehicle -10 1.75 2.0167253017425537 4.577319145202637 14.997879981994629 17.035911560058594 0.5542147755622864 -0.006822889919841276 -0.0030368447813919454 0.9983289639056623 -0.05730188106826992 130.59130859375 703.9705200195312 691.575439453125 952.6516723632812 SideFrontCam01 0
033_1 2 vehicle -10 1.75 2.0167253017425537 4.577319145202637 14.997632026672363 17.035871505737305 0.5542128086090088 -0.006867110577749004 -0.0029884990632248645 0.9983288276909532 -0.05730151365251301 118.74712371826172 704.199462890625 683.2686767578125 954.0994873046875 SideFrontCam01 0
034_1 2 vehicle -10 1.75 2.0167253017425537 4.577319145202637 14.997383117675781 17.035831451416016 0.5542108416557312 -0.0066725715318223505 -0.0031380806554195144 0.9983296092211674 -0.057302884667911336 107.7731704711914 704.609619140625 675.7595825195312 955.766357421875 SideFrontCam01 0
035_1 2 vehicle -10 1.75 2.0167253017425537 4.577319145202637 14.997135162353516 17.03579330444336 0.5542089343070984 -0.006618780727993618 -0.003236814566511797 0.9983296149866379 -0.05730353055238647 97.2117691040039 705.1853637695312 668.6272583007812 957.6385498046875 SideFrontCam01 0
036_1 2 vehicle -10 1.75 2.0167253017425537 4.577319145202637 14.99688720703125 17.03575325012207 0.5542069673538208 -0.006707678807336921 -0.0033327518459244972 0.9983287012346135 -0.057303613335993216 87.01061248779297 705.9783935546875 661.8102416992188 959.7841186523438 SideFrontCam01 0
037_1 2 vehicle -10 1.75 2.0167253017425537 4.577319145202637 14.996639251708984 17.03571319580078 0.5542050004005432 -0.006790928406039018 -0.0032375966822517704 0.9983284943753976 -0.05730286709457653 77.31922912597656 706.1342163085938 655.4441528320312 961.087890625 SideFrontCam01 0
038_1 2 vehicle -10 1.75 2.0167253017425537 4.577319145202637 14.996391296386719 17.035675048828125 0.5542030930519104 -0.006776768397533836 -0.003192945840665131 0.9983287423814015 -0.05730272805123866 68.47607421875 706.3232421875 649.7904663085938 962.3938598632812 SideFrontCam01 0
039_1 2 vehicle -10 1.75 2.0167253017425537 4.577319145202637 14.996143341064453 17.035634994506836 0.5542011260986328 -0.006851282747135227 -0.002907971928675014 0.998329190407136 -0.05730123214219104 60.65752029418945 705.8168334960938 645.0264282226562 962.7586669921875 SideFrontCam01 0
040_1 2 vehicle -10 1.75 2.0167253017425537 4.577319145202637 14.995895385742188 17.03559684753418 0.5541991591453552 -0.007163147079948886 -0.0026209705069081884 0.9983279254226449 -0.057298980434480326 53.67473602294922 705.8189697265625 640.9974365234375 963.756591796875 SideFrontCam01 0
041_1 2 vehicle -10 1.75 2.0167253017425537 4.577319145202637 14.995647430419922 17.03555679321289 0.5541972517967224 -0.0071887458072738275 -0.0024829794422123156 0.9983281295101807 -0.057298364509919895 47.30872344970703 705.66064453125 637.4957275390625 964.5243530273438 SideFrontCam01 0
042_1 2 vehicle -10 1.75 2.0167253017425537 4.577319145202637 14.995399475097656 17.0355167388916 0.5541952848434448 -0.0069286883204887325 -0.0023953967039588232 0.9983301541939583 -0.057298853215885674 40.85530090332031 705.136962890625 633.8848266601562 964.8069458007812 SideFrontCam01 0
043_1 2 vehicle -10 1.75 2.0167253017425537 4.577319145202637 14.99515151977539 17.035478591918945 0.5541933178901672 -0.006669844963274144 -0.0023064570259018866 0.9983321024750496 -0.0572992721760113 34.191043853759766 704.7188720703125 630.084716796875 965.233154296875 SideFrontCam01 0
044_1 2 vehicle -10 1.75 2.0167253017425537 4.577319145202637 14.994903564453125 17.035438537597656 0.5541913509368896 -0.006744707570993996 -0.002071529207984618 0.9983321838036199 -0.057298066882028806 27.99556541442871 704.3361206054688 626.6620483398438 965.6729125976562 SideFrontCam01 0
045_1 2 vehicle -10 1.75 2.0167253017425537 4.577319145202637 14.99465560913086 17.035398483276367 0.5541894435882568 -0.006867048586636609 -0.0017894336836801659 0.9983319799034505 -0.05729659215744969 22.389617919921875 703.8882446289062 623.7532958984375 966.012451171875 SideFrontCam01 0
046_1 2 vehicle -10 1.75 2.0167253017425537 4.577319145202637 14.994407653808594 17.03536033630371 0.5541874766349792 -0.006800492143135081 -0.0016512317180040108 0.998332696136772 -0.057296200264137905 16.570789337158203 703.6082153320312 620.6224975585938 966.5678100585938 SideFrontCam01 0
047_1 2 vehicle -10 1.75 2.0167253017425537 4.577319145202637 14.994159698486328 17.035320281982422 0.5541855096817017 -0.006686690794782694 -0.0017520814864216848 0.9983332536819942 -0.05729688446506524 10.714309692382812 704.0279541015625 617.4465942382812 968.0408935546875 SideFrontCam01 0
048_1 2 vehicle -10 1.75 2.0167253017425537 4.577319145202637 14.993911743164062 17.035280227661133 0.5541836023330688 -0.006522476578332867 -0.001948453954707171 0.9983339044653725 -0.057298132791531786 5.296138763427734 704.5599365234375 614.6174926757812 969.630126953125 SideFrontCam01 0
049_1 2 vehicle -10 1.75 2.0167253017425537 4.577319145202637 14.99366283416748 17.035242080688477 0.5541816353797913 -0.006555045574336026 -0.0017613147993757903 0.9983340899037014 -0.057297243248204614 0.0 704.3280639648438 611.0134887695312 970.2592163085938 SideFrontCam01 0
050_1 2 vehicle -10 1.75 2.0167253017425537 4.577319145202637 14.993414878845215 17.035202026367188 0.5541796684265137 -0.006688255728185441 -0.0013829116471363344 0.998333910449554 -0.05729535790264978 0.0 703.5570678710938 606.75 970.21728515625 SideFrontCam01 0
051_1 2 vehicle -10 1.75 2.0167253017425537 4.577319145202637 14.99316692352295 17.03516387939453 0.5541777014732361 -0.006681754754014598 -0.00076373999122704 0.9983347624658468 -0.05729286959905427 0.0 701.6641235351562 602.5913696289062 968.6862182617188 SideFrontCam01 0
052_1 2 vehicle -10 1.75 2.0167253017425537 4.577319145202637 14.992918014526367 17.035123825073242 0.5541757941246033 -0.006717944861695836 -0.0007203871777473271 0.9983345646817144 -0.0572926454348279 0.0 701.9082641601562 598.5346069335938 969.9445190429688 SideFrontCam01 0
053_1 2 vehicle -10 1.75 2.0167253017425537 4.577319145202637 14.992670059204102 17.035083770751953 0.5541738271713257 -0.006997833326151653 -0.0006316226143294196 0.9983327446425596 -0.05729190480396269 0.0 702.2965698242188 593.2966918945312 971.4541015625 SideFrontCam01 0
054_1 2 vehicle -10 1.75 2.0167253017425537 4.577319145202637 14.992422103881836 17.035045623779297 0.5541718602180481 -0.007182982157410047 -0.0007323005285813732 0.9983313562667132 -0.05729198545981069 0.0 703.2431030273438 586.8726196289062 973.7569580078125 SideFrontCam01 0
055_1 2 vehicle -10 1.75 2.0167253017425537 4.577319145202637 14.992173194885254 17.035005569458008 0.5541698932647705 -0.007037708493839148 -0.0005400973761820948 0.9983325402030991 -0.05729151879298933 0.0 702.6156616210938 580.2554931640625 973.9879150390625 SideFrontCam01 0
055_3 2 vehicle -10 1.75 2.0167253017425537 4.577319145202637 14.992173194885254 17.035005569458008 0.5541698932647705 -0.007037708493839148 -0.0005400973761820948 0.9983325402030991 -0.05729151879298933 1677.7623291015625 315.9130554199219 1920.0 571.9215087890625 SideCam01 0
056_1 2 vehicle -10 1.75 2.0167253017425537 4.577319145202637 14.991925239562988 17.03496551513672 0.5541679859161377 -0.006749291992387019 -0.00024990380233965 0.9983346887964887 -0.05729078242884301 0.0 701.4586791992188 574.199462890625 973.4680786132812 SideFrontCam01 0
056_3 2 vehicle -10 1.75 2.0167253017425537 4.577319145202637 14.991925239562988 17.03496551513672 0.5541679859161377 -0.006749291992387019 -0.00024990380233965 0.9983346887964887 -0.05729078242884301 1669.695556640625 314.2294006347656 1920.0 570.25146484375 SideCam01 0
057_1 2 vehicle -10 1.75 2.0167253017425537 4.577319145202637 14.991677284240723 17.034927368164062 0.5541660189628601 -0.006701065229655374 -5.8649548206865896e-05 0.9983350828640879 -0.057290091706796734 0.0 700.919677734375 567.7620849609375 973.7994995117188 SideFrontCam01 0
057_3 2 vehicle -10 1.75 2.0167253017425537 4.577319145202637 14.991677284240723 17.034927368164062 0.5541660189628601 -0.006701065229655374 -5.8649548206865896e-05 0.9983350828640879 -0.057290091706796734 1661.2308349609375 313.2431335449219 1920.0 569.3208618164062 SideCam01 0
058_1 2 vehicle -10 1.75 2.0167253017425537 4.577319145202637 14.991429328918457 17.034887313842773 0.5541640520095825 -0.006705196804394943 0.00018099880762882366 0.9983350930728916 -0.05728917449559538 0.0 700.4239501953125 560.2547607421875 974.2237548828125 SideFrontCam01 0
058_3 2 vehicle -10 1.75 2.0167253017425537 4.577319145202637 14.991429328918457 17.034887313842773 0.5541640520095825 -0.006705196804394943 0.00018099880762882366 0.9983350930728916 -0.05728917449559538 1651.7403564453125 312.2699279785156 1920.0 568.2720947265625 SideCam01 0
059_1 2 vehicle -10 1.75 2.0167253017425537 4.577319145202637 14.991180419921875 17.034847259521484 0.5541621446609497 -0.0067054904788858135 0.000323942949465765 0.9983350858673946 -0.057288635736461244 0.0 700.123291015625 553.8445434570312 974.773681640625 SideFrontCam01 0
059_3 2 vehicle -10 1.75 2.0167253017425537 4.577319145202637 14.991180419921875 17.034847259521484 0.5541621446609497 -0.0067054904788858135 0.000323942949465765 0.9983350858673946 -0.057288635736461244 1643.5950927734375 311.5727844238281 1920.0 567.5756225585938 SideCam01 0
060_1 2 vehicle -10 1.75 2.0167253017425537 4.577319145202637 14.99093246459961 17.034809112548828 0.5541601777076721 -0.006654958901157833 0.00041899548062392875 0.9983354080920646 -0.057288296487694935 0.0 699.9765014648438 548.7163696289062 975.4335327148438 SideFrontCam01 0
060_3 2 vehicle -10 1.75 2.0167253017425537 4.577319145202637 14.99093246459961 17.034809112548828 0.5541601777076721 -0.006654958901157833 0.00041899548062392875 0.9983354080920646 -0.057288296487694935 1636.8870849609375 311.1103515625 1920.0 567.2332153320312 SideCam01 0
061_1 2 vehicle -10 1.75 2.0167253017425537 4.577319145202637 14.990684509277344 17.03476905822754 0.5541582107543945 -0.006650112722725156 0.00027438616305877265 0.9983354589818533 -0.05728884754034509 0.0 700.6532592773438 542.9046630859375 977.2229614257812 SideFrontCam01 0
061_3 2 vehicle -10 1.75 2.0167253017425537 4.577319145202637 14.990684509277344 17.03476905822754 0.5541582107543945 -0.006650112722725156 0.00027438616305877265 0.9983354589818533 -0.05728884754034509 1629.4810791015625 311.5513000488281 1920.0 567.822509765625 SideCam01 0
062_1 2 vehicle -10 1.75 2.0167253017425537 4.577319145202637 14.990187644958496 17.034690856933594 0.5541543364524841 -0.006651214265681088 0.00027479753403095516 0.9983354516126801 -0.05728884610823838 0.0 701.1088256835938 530.6040649414062 979.5671997070312 SideFrontCam01 0
062_3 2 vehicle -10 1.75 2.0167253017425537 4.577319145202637 14.990187644958496 17.034690856933594 0.5541543364524841 -0.006651214265681088 0.00027479753403095516 0.9983354516126801 -0.05728884610823838 1614.3289794921875 311.41070556640625 1920.0 567.6759033203125 SideCam01 0
063_1 2 vehicle -10 1.75 2.0167253017425537 4.577319145202637 14.989691734313965 17.034610748291016 0.554150402545929 -0.006742748948090481 0.00041400809903631794 0.998334821765899 -0.05728828487193113 0.0 701.0787353515625 522.6702270507812 980.894287109375 SideFrontCam01 0
063_3 2 vehicle -10 1.75 2.0167253017425537 4.577319145202637 14.989691734313965 17.034610748291016 0.554150402545929 -0.006742748948090481 0.00041400809903631794 0.998334821765899 -0.05728828487193113 1604.08837890625 310.9207458496094 1920.0 567.428466796875 SideCam01 0
064_1 2 vehicle -10 1.75 2.0167253017425537 4.577319145202637 14.9894437789917 17.03457260131836 0.5541484951972961 -0.006836297359273176 0.00026854866136813996 0.998334206889563 -0.05728877965377955 0.0 701.91650390625 517.5714111328125 982.7489624023438 SideFrontCam01 0
064_3 2 vehicle -10 1.75 2.0167253017425537 4.577319145202637 14.9894437789917 17.03457260131836 0.5541484951972961 -0.006836297359273176 0.00026854866136813996 0.998334206889563 -0.05728877965377955 1597.8441162109375 311.58782958984375 1920.0 568.1864624023438 SideCam01 0
065_1 2 vehicle -10 1.75 2.0167253017425537 4.577319145202637 14.988946914672852 17.03449249267578 0.554144561290741 -0.006877990243716596 0.00012245382790640274 0.9983339200463429 -0.05728928643445867 0.0 702.7701416015625 509.44964599609375 985.1688232421875 SideFrontCam01 0
065_3 2 vehicle -10 1.75 2.0167253017425537 4.577319145202637 14.988946914672852 17.03449249267578 0.554144561290741 -0.006877990243716596 0.00012245382790640274 0.9983339200463429 -0.05728928643445867 1587.726806640625 312.09130859375 1920.0 568.9049682617188 SideCam01 0
066_1 2 vehicle -10 1.75 2.0167253017425537 4.577319145202637 14.98845100402832 17.034414291381836 0.5541406869888306 -0.007113782155950215 0.00035321139053303026 0.998332267175384 -0.05728833791976315 0.0 702.6192016601562 504.06475830078125 986.0299072265625 SideFrontCam01 0
066_3 2 vehicle -10 1.75 2.0167253017425537 4.577319145202637 14.98845100402832 17.034414291381836 0.5541406869888306 -0.007113782155950215 0.00035321139053303026 0.998332267175384 -0.05728833791976315 1580.61572265625 311.5958251953125 1920.0 568.705810546875 SideCam01 0
067_1 2 vehicle -10 1.75 2.0167253017425537 4.577319145202637 14.987954139709473 17.03433609008789 0.5541367530822754 -0.007011445343491478 0.0003998614957645376 0.9983329797303072 -0.05728823027276714 0.0 702.554931640625 499.50946044921875 986.8600463867188 SideFrontCam01 0
067_3 2 vehicle -10 1.75 2.0167253017425537 4.577319145202637 14.987954139709473 17.03433609008789 0.5541367530822754 -0.007011445343491478 0.0003998614957645376 0.9983329797303072 -0.05728823027276714 1574.595458984375 311.2472839355469 1920.0 568.6306762695312 SideCam01 0
068_1 2 vehicle -10 1.75 2.0167253017425537 4.577319145202637 14.987457275390625 17.034257888793945 0.554132878780365 -0.007004438451973231 0.0003967411635262528 0.9983330293290937 -0.057288244771650024 0.0 702.70263671875 496.25054931640625 987.7915649414062 SideFrontCam01 0
068_3 2 vehicle -10 1.75 2.0167253017425537 4.577319145202637 14.987457275390625 17.034257888793945 0.554132878780365 -0.007004438451973231 0.0003967411635262528 0.9983330293290937 -0.057288244771650024 1570.1385498046875 311.20404052734375 1920.0 568.8878784179688 SideCam01 0
069_1 2 vehicle -10 1.75 2.0167253017425537 4.577319145202637 14.98720932006836 17.034217834472656 0.5541309118270874 -0.006956088131813679 0.00044512949794980417 0.9983333555709829 -0.057288095203224976 0.0 702.501220703125 494.7547302246094 987.8356323242188 SideFrontCam01 0
069_3 2 vehicle -10 1.75 2.0167253017425537 4.577319145202637 14.98720932006836 17.034217834472656 0.5541309118270874 -0.006956088131813679 0.00044512949794980417 0.9983333555709829 -0.057288095203224976 1568.171142578125 310.89385986328125 1920.0 568.64013671875 SideCam01 0
070_1 2 vehicle -10 1.75 2.0167253017425537 4.577319145202637 14.986713409423828 17.03413963317871 0.554127037525177 -0.006907037680455914 0.0005880060382808068 0.998333650182063 -0.05728760767860548 0.0 702.0755615234375 494.0697937011719 987.5859985351562 SideFrontCam01 0
070_3 2 vehicle -10 1.75 2.0167253017425537 4.577319145202637 14.986713409423828 17.03413963317871 0.554127037525177 -0.006907037680455914 0.0005880060382808068 0.998333650182063 -0.05728760767860548 1566.91845703125 310.3621826171875 1920.0 568.2800903320312 SideCam01 0
071_1 2 vehicle -10 1.75 2.0167253017425537 4.577319145202637 14.98621654510498 17.034059524536133 0.5541231036186218 -0.006955476037783431 0.0005870147422360469 0.9983333148086458 -0.05728760171242523 0.0 702.18408203125 493.3932800292969 987.8093872070312 SideFrontCam01 0
071_3 2 vehicle -10 1.75 2.0167253017425537 4.577319145202637 14.98621654510498 17.034059524536133 0.5541231036186218 -0.006955476037783431 0.0005870147422360469 0.9983333148086458 -0.05728760171242523 1566.151611328125 310.449462890625 1920.0 568.3575439453125 SideCam01 0
072_1 2 vehicle -10 1.75 2.0167253017425537 4.577319145202637 14.98572063446045 17.033981323242188 0.5541192293167114 -0.007285626119997175 0.0004338978165554435 0.9983310161334231 -0.057287988363453335 0.0 703.1039428710938 494.6689758300781 988.90478515625 SideFrontCam01 0
072_3 2 vehicle -10 1.75 2.0167253017425537 4.577319145202637 14.98572063446045 17.033981323242188 0.5541192293167114 -0.007285626119997175 0.0004338978165554435 0.9983310161334231 -0.057287988363453335 1567.525390625 311.5236511230469 1920.0 569.6160278320312 SideCam01 0
073_1 2 vehicle -10 1.75 2.0167253017425537 4.577319145202637 14.985224723815918 17.033903121948242 0.5541152954101562 -0.00743780682587587 0.0007182797886364793 0.9983297832884103 -0.05728705702933188 0.0 702.3914184570312 493.7417907714844 988.0572509765625 SideFrontCam01 0
073_3 2 vehicle -10 1.75 2.0167253017425537 4.577319145202637 14.985224723815918 17.033903121948242 0.5541152954101562 -0.00743780682587587 0.0007182797886364793 0.9983297832884103 -0.05728705702933188 1566.513916015625 310.693603515625 1920.0 568.6534423828125 SideCam01 0
074_1 2 vehicle -10 1.75 2.0167253017425537 4.577319145202637 14.984975814819336 17.033863067626953 0.5541133880615234 -0.0072940548509622 0.0007219595949782414 0.9983308400117281 -0.05728707899388627 0.0 702.2230834960938 493.5790100097656 987.8504638671875 SideFrontCam01 0
074_3 2 vehicle -10 1.75 2.0167253017425537 4.577319145202637 14.984975814819336 17.033863067626953 0.5541133880615234 -0.0072940548509622 0.0007219595949782414 0.9983308400117281 -0.05728707899388627 1566.335693359375 310.4995422363281 1920.0 568.432861328125 SideCam01 0
075_1 2 vehicle -10 1.75 2.0167253017425537 4.577319145202637 14.984479904174805 17.033784866333008 0.5541094541549683 -0.007529961566004476 0.0005720613162299182 0.9983291640927846 -0.05728745540227048 0.0 703.08544921875 493.67388916015625 988.984375 SideFrontCam01 0
075_3 2 vehicle -10 1.75 2.0167253017425537 4.577319145202637 14.984479904174805 17.033784866333008 0.5541094541549683 -0.007529961566004476 0.0005720613162299182 0.9983291640927846 -0.05728745540227048 1566.426513671875 311.45654296875 1920.0 569.4990844726562 SideCam01 0
076_1 2 vehicle -10 1.75 2.0167253017425537 4.577319145202637 14.983983993530273 17.033706665039062 0.5541055798530579 -0.007437298557912664 0.000717998648457309 0.9983297873131359 -0.05728705640377995 0.0 702.3908081054688 493.884765625 988.049560546875 SideFrontCam01 0
076_3 2 vehicle -10 1.75 2.0167253017425537 4.577319145202637 14.983983993530273 17.033706665039062 0.5541055798530579 -0.007437298557912664 0.000717998648457309 0.9983297873131359 -0.05728705640377995 1566.6524658203125 310.69781494140625 1920.0 568.6758422851562 SideCam01 0
077_1 2 vehicle -10 1.75 2.0167253017425537 4.577319145202637 14.983736038208008 17.033666610717773 0.5541036128997803 -0.007388150712709673 0.000671308478205715 0.9983301757862072 -0.05728721226114867 0.0 702.4662475585938 493.8740234375 988.1527709960938 SideFrontCam01 0
077_3 2 vehicle -10 1.75 2.0167253017425537 4.577319145202637 14.983736038208008 17.033666610717773 0.5541036128997803 -0.007388150712709673 0.000671308478205715 0.9983301757862072 -0.05728721226114867 1566.6356201171875 310.780517578125 1920.0 568.7688598632812 SideCam01 0
078_1 2 vehicle -10 1.75 2.0167253017425537 4.577319145202637 14.983488082885742 17.033626556396484 0.5541016459465027 -0.007484497445725197 0.000669131398186453 0.9983294609662984 -0.057287188165390586 0.0 702.6569213867188 493.61993408203125 988.427490234375 SideFrontCam01 0
078_3 2 vehicle -10 1.75 2.0167253017425537 4.577319145202637 14.983488082885742 17.033626556396484 0.5541016459465027 -0.007484497445725197 0.000669131398186453 0.9983294609662984 -0.057287188165390586 1566.3638916015625 310.98040771484375 1920.0 568.9728393554688 SideCam01 0
079_1 2 vehicle -10 1.75 2.0167253017425537 4.577319145202637 14.98323917388916 17.033588409423828 0.5540997385978699 -0.007529439303562483 0.0005717713879833131 0.9983291681267406 -0.05728745664300546 0.0 703.0875854492188 493.81707763671875 988.996826171875 SideFrontCam01 0
079_3 2 vehicle -10 1.75 2.0167253017425537 4.577319145202637 14.98323917388916 17.033588409423828 0.5540997385978699 -0.007529439303562483 0.0005717713879833131 0.9983291681267406 -0.05728745664300546 1566.5364990234375 311.4633483886719 1920.0 569.5364379882812 SideCam01 0
080_1 2 vehicle -10 1.75 2.0167253017425537 4.577319145202637 14.982991218566895 17.03354835510254 0.5540977716445923 -0.007482044357807114 0.0005732881763210212 0.9983295227436716 -0.05728747132914622 0.0 702.9962768554688 493.6012878417969 988.8915405273438 SideFrontCam01 0
080_3 2 vehicle -10 1.75 2.0167253017425537 4.577319145202637 14.982991218566895 17.03354835510254 0.5540977716445923 -0.007482044357807114 0.0005732881763210212 0.9983295227436716 -0.05728747132914622 1566.315673828125 311.3537902832031 1920.0 569.3959350585938 SideCam01 0
081_1 2 vehicle -10 1.75 2.0167253017425537 4.577319145202637 14.982743263244629 17.03350830078125 0.5540958046913147 -0.00743360559564525 0.0005742342188468199 0.9983298830835237 -0.05728748820945249 0.0 702.9007568359375 493.80462646484375 988.7512817382812 SideFrontCam01 0
081_3 2 vehicle -10 1.75 2.0167253017425537 4.577319145202637 14.982743263244629 17.03350830078125 0.5540958046913147 -0.00743360559564525 0.0005742342188468199 0.9983298830835237 -0.05728748820945249 1566.52392578125 311.2563171386719 1920.0 569.306640625 SideCam01 0
082_1 2 vehicle -10 1.75 2.0167253017425537 4.577319145202637 14.982495307922363 17.033470153808594 0.5540938377380371 -0.007529439303562483 0.0005717713879833131 0.9983291681267406 -0.05728745664300546 0.0 703.0897827148438 493.7427673339844 989.0112915039062 SideFrontCam01 0
082_3 2 vehicle -10 1.75 2.0167253017425537 4.577319145202637 14.982495307922363 17.033470153808594 0.5540938377380371 -0.007529439303562483 0.0005717713879833131 0.9983291681267406 -0.05728745664300546 1566.4466552734375 311.4617614746094 1920.0 569.5354614257812 SideCam01 0
083_1 2 vehicle -10 1.75 2.0167253017425537 4.577319145202637 14.982247352600098 17.033430099487305 0.5540919303894043 -0.0076265045919015634 0.0006172298605365006 0.998328414098181 -0.05728728531899473 0.0 703.109375 493.686279296875 989.041748046875 SideFrontCam01 0
083_3 2 vehicle -10 1.75 2.0167253017425537 4.577319145202637 14.982247352600098 17.033430099487305 0.5540919303894043 -0.0076265045919015634 0.0006172298605365006 0.998328414098181 -0.05728728531899473 1566.385498046875 311.48065185546875 1920.0 569.5538940429688 SideCam01 0
084_1 2 vehicle -10 1.75 2.0167253017425537 4.577319145202637 14.981998443603516 17.033390045166016 0.5540899634361267 -0.00753118818403358 0.000619982926345201 0.9983291342107579 -0.057287316324875256 0.0 702.9241333007812 493.4817810058594 988.8101806640625 SideFrontCam01 0
084_3 2 vehicle -10 1.75 2.0167253017425537 4.577319145202637 14.981998443603516 17.033390045166016 0.5540899634361267 -0.00753118818403358 0.000619982926345201 0.9983291342107579 -0.057287316324875256 1566.1805419921875 311.26800537109375 1920.0 569.2987060546875 SideCam01 0
085_1 2 vehicle -10 1.75 2.0167253017425537 4.577319145202637 14.98175048828125 17.03335189819336 0.5540879964828491 -0.00743360559564525 0.0005742342188468199 0.9983298830835237 -0.05728748820945249 0.0 702.904052734375 493.6968994140625 988.7735595703125 SideFrontCam01 0
085_3 2 vehicle -10 1.75 2.0167253017425537 4.577319145202637 14.98175048828125 17.03335189819336 0.5540879964828491 -0.00743360559564525 0.0005742342188468199 0.9983298830835237 -0.05728748820945249 1566.3919677734375 311.2542724609375 1920.0 569.3062744140625 SideCam01 0
086_1 2 vehicle -10 1.75 2.0167253017425537 4.577319145202637 14.981502532958984 17.03331184387207 0.5540860891342163 -0.007481522207362133 0.0005730028190627748 0.9983295267005566 -0.05728747342196731 0.0 702.9984741210938 493.6618957519531 988.90283203125 SideFrontCam01 0
086_3 2 vehicle -10 1.75 2.0167253017425537 4.577319145202637 14.981502532958984 17.03331184387207 0.5540860891342163 -0.007481522207362133 0.0005730028190627748 0.9983295267005566 -0.05728747342196731 1566.3504638671875 311.356689453125 1920.0 569.4194946289062 SideCam01 0
087_1 2 vehicle -10 1.75 2.0167253017425537 4.577319145202637 14.981254577636719 17.03327178955078 0.5540841221809387 -0.007529439303562483 0.0005717713879833131 0.9983291681267406 -0.05728745664300546 0.0 703.0930786132812 493.6202697753906 989.033447265625 SideFrontCam01 0
087_3 2 vehicle -10 1.75 2.0167253017425537 4.577319145202637 14.981254577636719 17.03327178955078 0.5540841221809387 -0.007529439303562483 0.0005717713879833131 0.9983291681267406 -0.05728745664300546 1566.301025390625 311.4590148925781 1920.0 569.53271484375 SideCam01 0
088_1 2 vehicle -10 1.75 2.0167253017425537 4.577319145202637 14.981005668640137 17.033233642578125 0.5540821552276611 -0.00753118818403358 0.000619982926345201 0.9983291342107579 -0.057287316324875256 0.0 702.9268188476562 493.3726806640625 988.828125 SideFrontCam01 0
088_3 2 vehicle -10 1.75 2.0167253017425537 4.577319145202637 14.981005668640137 17.033233642578125 0.5540821552276611 -0.00753118818403358 0.000619982926345201 0.9983291342107579 -0.057287316324875256 1566.052978515625 311.2652893066406 1920.0 569.2949829101562 SideCam01 0
089_1 2 vehicle -10 1.75 2.0167253017425537 4.577319145202637 14.980757713317871 17.033193588256836 0.5540801882743835 -0.007530670698842994 0.0006196928756726665 0.9983291382811071 -0.057287316558444906 0.0 702.9255981445312 493.5789794921875 988.8167114257812 SideFrontCam01 0
089_3 2 vehicle -10 1.75 2.0167253017425537 4.577319145202637 14.980757713317871 17.033193588256836 0.5540801882743835 -0.007530670698842994 0.0006196928756726665 0.9983291382811071 -0.057287316558444906 1566.255859375 311.2719421386719 1920.0 569.3245239257812 SideCam01 0
090_1 2 vehicle -10 1.75 2.0167253017425537 4.577319145202637 14.980509757995605 17.03315544128418 0.5540782809257507 -0.0075282083574683386 0.0005238503100902806 0.9983291956744869 -0.05728759659569701 0.0 703.26416015625 493.5701599121094 989.2750854492188 SideFrontCam01 0
090_3 2 vehicle -10 1.75 2.0167253017425537 4.577319145202637 14.980509757995605 17.03315544128418 0.5540782809257507 -0.0075282083574683386 0.0005238503100902806 0.9983291956744869 -0.05728759659569701 1566.2249755859375 311.64508056640625 1920.0 569.7449340820312 SideCam01 0
091_1 2 vehicle -10 1.75 2.0167253017425537 4.577319145202637 14.98026180267334 17.03311538696289 0.5540763139724731 -0.007576651817292085 0.0005229131709358632 0.998328830884993 -0.057287575728583916 0.0 703.3609619140625 493.3253479003906 989.424072265625 SideFrontCam01 0
091_3 2 vehicle -10 1.75 2.0167253017425537 4.577319145202637 14.98026180267334 17.03311538696289 0.5540763139724731 -0.007576651817292085 0.0005229131709358632 0.998328830884993 -0.057287575728583916 1565.965576171875 311.7417297363281 1920.0 569.8342895507812 SideCam01 0
092_1 2 vehicle -10 1.75 2.0167253017425537 4.577319145202637 14.980012893676758 17.0330753326416 0.5540743470191956 -0.007529439303562483 0.0005717713879833131 0.9983291681267406 -0.05728745664300546 0.0 703.0968627929688 493.5129699707031 989.0596923828125 SideFrontCam01 0
092_3 2 vehicle -10 1.75 2.0167253017425537 4.577319145202637 14.980012893676758 17.0330753326416 0.5540743470191956 -0.007529439303562483 0.0005717713879833131 0.9983291681267406 -0.05728745664300546 1566.1634521484375 311.4574279785156 1920.0 569.5353393554688 SideCam01 0
093_1 2 vehicle -10 1.75 2.0167253017425537 4.577319145202637 14.979764938354492 17.033037185668945 0.5540724396705627 -0.007482044357807114 0.0005732881763210212 0.9983295227436716 -0.05728747132914622 0.0 703.0053100585938 493.26904296875 988.9520874023438 SideFrontCam01 0
093_3 2 vehicle -10 1.75 2.0167253017425537 4.577319145202637 14.979764938354492 17.033037185668945 0.5540724396705627 -0.007482044357807114 0.0005732881763210212 0.9983295227436716 -0.05728747132914622 1565.919677734375 311.34637451171875 1920.0 569.3888549804688 SideCam01 0
094_1 2 vehicle -10 1.75 2.0167253017425537 4.577319145202637 14.979516983032227 17.032997131347656 0.5540704727172852 -0.007481522207362133 0.0005730028190627748 0.9983295267005566 -0.05728747342196731 0.0 703.00439453125 493.46478271484375 988.943359375 SideFrontCam01 0
094_3 2 vehicle -10 1.75 2.0167253017425537 4.577319145202637 14.979516983032227 17.032997131347656 0.5540704727172852 -0.007481522207362133 0.0005730028190627748 0.9983295267005566 -0.05728747342196731 1566.109130859375 311.3528747558594 1920.0 569.4186401367188 SideCam01 0
095_1 2 vehicle -10 1.75 2.0167253017425537 4.577319145202637 14.979269027709961 17.032957077026367 0.5540685057640076 -0.0075282083574683386 0.0005238503100902806 0.9983291956744869 -0.05728759659569701 0.0 703.2678833007812 493.4468078613281 989.3001708984375 SideFrontCam01 0
095_3 2 vehicle -10 1.75 2.0167253017425537 4.577319145202637 14.979269027709961 17.032957077026367 0.5540685057640076 -0.0075282083574683386 0.0005238503100902806 0.9983291956744869 -0.05728759659569701 1566.0745849609375 311.64263916015625 1920.0 569.7442626953125 SideCam01 0
096_1 2 vehicle -10 1.75 2.0167253017425537 4.577319145202637 14.979021072387695 17.03291893005371 0.55406653881073 -0.0075282083574683386 0.0005238503100902806 0.9983291956744869 -0.05728759659569701 0.0 703.2685546875 493.4220886230469 989.3051147460938 SideFrontCam01 0
096_3 2 vehicle -10 1.75 2.0167253017425537 4.577319145202637 14.979021072387695 17.03291893005371 0.55406653881073 -0.0075282083574683386 0.0005238503100902806 0.9983291956744869 -0.05728759659569701 1566.0445556640625 311.6421203613281 1920.0 569.7440795898438 SideCam01 0
097_1 2 vehicle -10 1.75 2.0167253017425537 4.577319145202637 14.978772163391113 17.032878875732422 0.5540646314620972 -0.007480817721396069 0.0005253670432855777 0.9983295500111591 -0.057287615853740266 0.0 703.1776123046875 493.19140625 989.2017211914062 SideFrontCam01 0
097_3 2 vehicle -10 1.75 2.0167253017425537 4.577319145202637 14.978772163391113 17.032878875732422 0.5540646314620972 -0.007480817721396069 0.0005253670432855777 0.9983295500111591 -0.057287615853740266 1565.807373046875 311.5321960449219 1920.0 569.6026000976562 SideCam01 0
098_1 2 vehicle -10 1.75 2.0167253017425537 4.577319145202637 14.978524208068848 17.032838821411133 0.5540626645088196 -0.0074790602893255375 0.0004771603291647404 0.9983295790840687 -0.05728776048193095 0.0 703.3450927734375 493.3827209472656 989.4155883789062 SideFrontCam01 0
098_3 2 vehicle -10 1.75 2.0167253017425537 4.577319145202637 14.978524208068848 17.032838821411133 0.5540626645088196 -0.0074790602893255375 0.0004771603291647404 0.9983295790840687 -0.05728776048193095 1565.9901123046875 311.7244567871094 1920.0 569.8379516601562 SideCam01 0
099_1 2 vehicle -10 1.75 2.0167253017425537 4.577319145202637 14.978276252746582 17.032800674438477 0.554060697555542 -0.007525745937498135 0.00042800729351277214 0.998329243686855 -0.05728787967339059 0.0 703.6085205078125 493.35992431640625 989.77294921875 SideFrontCam01 0
099_3 2 vehicle -10 1.75 2.0167253017425537 4.577319145202637 14.978276252746582 17.032800674438477 0.554060697555542 -0.007525745937498135 0.00042800729351277214 0.998329243686855 -0.05728787967339059 1565.950927734375 312.0140380859375 1920.0 570.1630859375 SideCam01 0
100_1 2 vehicle -10 1.75 2.0167253017425537 4.577319145202637 14.97802734375 17.032760620117188 0.5540587306022644 -0.007477828843761452 0.0004292388291659002 0.9983296019405036 -0.05728790203111537 0.0 703.5155639648438 493.3528747558594 989.65283203125 SideFrontCam01 0
100_3 2 vehicle -10 1.75 2.0167253017425537 4.577319145202637 14.97802734375 17.032760620117188 0.5540587306022644 -0.007477828843761452 0.0004292388291659002 0.9983296019405036 -0.05728790203111537 1565.9400634765625 311.910888671875 1920.0 570.0501098632812 SideCam01 0
101_1 2 vehicle -10 1.75 2.0167253017425537 4.577319145202637 14.977779388427734 17.0327205657959 0.5540568232536316 -0.0074790602893255375 0.0004771603291647404 0.9983295790840687 -0.05728776048193095 0.0 703.3471069335938 493.32763671875 989.4296264648438 SideFrontCam01 0
101_3 2 vehicle -10 1.75 2.0167253017425537 4.577319145202637 14.977779388427734 17.0327205657959 0.5540568232536316 -0.0074790602893255375 0.0004771603291647404 0.9983295790840687 -0.05728776048193095 1565.918701171875 311.7237548828125 1920.0 569.8397827148438 SideCam01 0
102_1 2 vehicle -10 1.75 2.0167253017425537 4.577319145202637 14.977531433105469 17.032682418823242 0.554054856300354 -0.007480291373918091 0.0005250818207379034 0.998329554091738 -0.05728761608789805 0.0 703.1787719726562 493.2845153808594 989.2063598632812 SideFrontCam01 0
102_3 2 vehicle -10 1.75 2.0167253017425537 4.577319145202637 14.977531433105469 17.032682418823242 0.554054856300354 -0.007480291373918091 0.0005250818207379034 0.998329554091738 -0.05728761608789805 1565.8819580078125 311.5357666015625 1920.0 569.62646484375 SideCam01 0
103_1 2 vehicle -10 1.75 2.0167253017425537 4.577319145202637 14.977283477783203 17.032642364501953 0.5540528893470764 -0.007480291373918091 0.0005250818207379034 0.998329554091738 -0.05728761608789805 0.0 703.1795043945312 493.2738037109375 989.2119750976562 SideFrontCam01 0
103_3 2 vehicle -10 1.75 2.0167253017425537 4.577319145202637 14.977283477783203 17.032642364501953 0.5540528893470764 -0.007480291373918091 0.0005250818207379034 0.998329554091738 -0.05728761608789805 1565.8638916015625 311.5359802246094 1920.0 569.6288452148438 SideCam01 0
104_1 2 vehicle -10 1.75 2.0167253017425537 4.577319145202637 14.977035522460938 17.032602310180664 0.5540509819984436 -0.0074790602893255375 0.0004771603291647404 0.9983295790840687 -0.05728776048193095 0.0 703.3494873046875 493.250732421875 989.4451904296875 SideFrontCam01 0
104_3 2 vehicle -10 1.75 2.0167253017425537 4.577319145202637 14.977035522460938 17.032602310180664 0.5540509819984436 -0.0074790602893255375 0.0004771603291647404 0.9983295790840687 -0.05728776048193095 1565.8253173828125 311.72216796875 1920.0 569.8391723632812 SideCam01 0
105_1 2 vehicle -10 1.75 2.0167253017425537 4.577319145202637 14.976786613464355 17.032564163208008 0.554049015045166 -0.007428680992430349 0.00038254932422638894 0.9983299780389138 -0.05728807296069052 0.0 703.5938110351562 493.24346923828125 989.77490234375 SideFrontCam01 0
105_3 2 vehicle -10 1.75 2.0167253017425537 4.577319145202637 14.976786613464355 17.032564163208008 0.554049015045166 -0.007428680992430349 0.00038254932422638894 0.9983299780389138 -0.05728807296069052 1565.8045654296875 311.9914855957031 1920.0 570.1416015625 SideCam01 0
106_1 2 vehicle -10 1.75 2.0167253017425537 4.577319145202637 14.97653865814209 17.03252410888672 0.5540470480918884 -0.007428680992430349 0.00038254932422638894 0.9983299780389138 -0.05728807296069052 0.0 703.5949096679688 493.2218322753906 989.7823486328125 SideFrontCam01 0
106_3 2 vehicle -10 1.75 2.0167253017425537 4.577319145202637 14.97653865814209 17.03252410888672 0.5540470480918884 -0.007428680992430349 0.00038254932422638894 0.9983299780389138 -0.05728807296069052 1565.773681640625 311.991455078125 1920.0 570.1436767578125 SideCam01 0
107_1 2 vehicle -10 1.75 2.0167253017425537 4.577319145202637 14.976290702819824 17.032485961914062 0.5540450811386108 -0.007525055037574588 0.0003803757372378292 0.9983292600867344 -0.057288020699385746 0.0 703.7853393554688 492.9754943847656 990.0558471679688 SideFrontCam01 0
107_3 2 vehicle -10 1.75 2.0167253017425537 4.577319145202637 14.976290702819824 17.032485961914062 0.5540450811386108 -0.007525055037574588 0.0003803757372378292 0.9983292600867344 -0.057288020699385746 1565.5108642578125 312.1913146972656 1920.0 570.34765625 SideCam01 0
108_1 2 vehicle -10 1.75 2.0167253017425537 4.577319145202637 14.976042747497559 17.032445907592773 0.554043173789978 -0.007475366233147293 0.0003333963495519797 0.9983296403011085 -0.05728819287439391 0.0 703.8590698242188 493.17840576171875 990.1443481445312 SideFrontCam01 0
108_3 2 vehicle -10 1.75 2.0167253017425537 4.577319145202637 14.976042747497559 17.032445907592773 0.554043173789978 -0.007475366233147293 0.0003333963495519797 0.9983296403011085 -0.05728819287439391 1565.7083740234375 312.2806396484375 1920.0 570.468994140625 SideCam01 0
109_1 2 vehicle -10 1.75 2.0167253017425537 4.577319145202637 14.975794792175293 17.032405853271484 0.5540412068367004 -0.007474134958230779 0.00028547486604566424 0.998329656068707 -0.05728833759557014 0.0 704.0286254882812 493.1781005859375 990.37548828125 SideFrontCam01 0
109_3 2 vehicle -10 1.75 2.0167253017425537 4.577319145202637 14.975794792175293 17.032405853271484 0.5540412068367004 -0.007474134958230779 0.00028547486604566424 0.998329656068707 -0.05728833759557014 1565.694091796875 312.4676208496094 1920.0 570.6813354492188 SideCam01 0
110_1 2 vehicle -10 1.75 2.0167253017425537 4.577319145202637 14.975545883178711 17.032367706298828 0.5540392398834229 -0.007477137944136398 0.00038160269251805563 0.9983296182609193 -0.05728804491826199 0.0 703.6936645507812 492.9029846191406 989.9437866210938 SideFrontCam01 0
110_3 2 vehicle -10 1.75 2.0167253017425537 4.577319145202637 14.975545883178711 17.032367706298828 0.5540392398834229 -0.007477137944136398 0.00038160269251805563 0.9983296182609193 -0.05728804491826199 1565.4281005859375 312.0862731933594 1920.0 570.2304077148438 SideCam01 0
111_1 2 vehicle -10 1.75 2.0167253017425537 4.577319145202637 14.975297927856445 17.03232765197754 0.55403733253479 -0.007480291373918091 0.0005250818207379034 0.998329554091738 -0.05728761608789805 0.0 703.18505859375 493.06182861328125 989.2486572265625 SideFrontCam01 0
111_3 2 vehicle -10 1.75 2.0167253017425537 4.577319145202637 14.975297927856445 17.03232765197754 0.55403733253479 -0.007480291373918091 0.0005250818207379034 0.998329554091738 -0.05728761608789805 1565.6141357421875 311.5309753417969 1920.0 569.6228637695312 SideCam01 0
112_1 2 vehicle -10 1.75 2.0167253017425537 4.577319145202637 14.97504997253418 17.03228759765625 0.5540353655815125 -0.00743483652234858 0.0006221557305873035 0.9983298534547843 -0.057287344405914736 0.0 702.7544555664062 493.0326843261719 988.6769409179688 SideFrontCam01 0
112_3 2 vehicle -10 1.75 2.0167253017425537 4.577319145202637 14.97504997253418 17.03228759765625 0.5540353655815125 -0.00743483652234858 0.0006221557305873035 0.9983298534547843 -0.057287344405914736 1565.5947265625 311.05419921875 1920.0 569.08984375 SideCam01 0
113_1 2 vehicle -10 1.75 2.0167253017425537 4.577319145202637 14.974802017211914 17.032249450683594 0.5540333986282349 -0.0074790602893255375 0.0004771603291647404 0.9983295790840687 -0.05728776048193095 0.0 703.3555908203125 493.03662109375 989.4865112304688 SideFrontCam01 0
113_3 2 vehicle -10 1.75 2.0167253017425537 4.577319145202637 14.974802017211914 17.032249450683594 0.5540333986282349 -0.0074790602893255375 0.0004771603291647404 0.9983295790840687 -0.05728776048193095 1565.56689453125 311.7176818847656 1920.0 569.8362426757812 SideCam01 0
114_1 2 vehicle -10 1.75 2.0167253017425537 4.577319145202637 14.974554061889648 17.032209396362305 0.5540314316749573 -0.00742991211046589 0.00043047030514425813 0.9983299577418191 -0.05728792697039089 0.0 703.4317626953125 493.0225524902344 989.5941772460938 SideFrontCam01 0
114_3 2 vehicle -10 1.75 2.0167253017425537 4.577319145202637 14.974554061889648 17.032209396362305 0.5540314316749573 -0.00742991211046589 0.00043047030514425813 0.9983299577418191 -0.05728792697039089 1565.540771484375 311.80084228515625 1920.0 569.9319458007812 SideCam01 0
115_1 2 vehicle -10 1.75 2.0167253017425537 4.577319145202637 14.974306106567383 17.032169342041016 0.5540295243263245 -0.007379532909641681 0.00033585932824514177 0.9983303494443174 -0.0572882454866115 0.0 703.6759033203125 493.02008056640625 989.9224853515625 SideFrontCam01 0
115_3 2 vehicle -10 1.75 2.0167253017425537 4.577319145202637 14.974306106567383 17.032169342041016 0.5540295243263245 -0.007379532909641681 0.00033585932824514177 0.9983303494443174 -0.0572882454866115 1565.5264892578125 312.0701599121094 1920.0 570.2340698242188 SideCam01 0
116_1 2 vehicle -10 1.75 2.0167253017425537 4.577319145202637 14.9740571975708 17.03213119506836 0.5540275573730469 -0.007381995284974415 0.0004317017184755597 0.9983303115123098 -0.057287947205091276 0.0 703.3386840820312 492.9922180175781 989.4734497070312 SideFrontCam01 0
116_3 2 vehicle -10 1.75 2.0167253017425537 4.577319145202637 14.9740571975708 17.03213119506836 0.5540275573730469 -0.007381995284974415 0.0004317017184755597 0.9983303115123098 -0.057287947205091276 1565.509033203125 311.6965637207031 1920.0 569.81494140625 SideCam01 0
117_1 2 vehicle -10 1.75 2.0167253017425537 4.577319145202637 14.973809242248535 17.03209114074707 0.5540255904197693 -0.007431143212277874 0.00047839178341237674 0.9983299352570733 -0.05728777898878771 0.0 703.2645263671875 492.9440612792969 989.3787841796875 SideFrontCam01 0
117_3 2 vehicle -10 1.75 2.0167253017425537 4.577319145202637 14.973809242248535 17.03209114074707 0.5540255904197693 -0.007431143212277874 0.00047839178341237674 0.9983299352570733 -0.05728777898878771 1565.458984375 311.6122741699219 1920.0 569.7190551757812 SideCam01 0
118_1 2 vehicle -10 1.75 2.0167253017425537 4.577319145202637 14.97356128692627 17.03205108642578 0.5540236830711365 -0.007480291373918091 0.0005250818207379034 0.998329554091738 -0.05728761608789805 0.0 703.1905517578125 492.903564453125 989.285888671875 SideFrontCam01 0
118_3 2 vehicle -10 1.75 2.0167253017425537 4.577319145202637 14.97356128692627 17.03205108642578 0.5540236830711365 -0.007480291373918091 0.0005250818207379034 0.998329554091738 -0.05728761608789805 1565.4139404296875 311.52850341796875 1920.0 569.6256713867188 SideCam01 0
119_1 2 vehicle -10 1.75 2.0167253017425537 4.577319145202637 14.973065376281738 17.031972885131836 0.5540197491645813 -0.007525745937498135 0.00042800729351277214 0.998329243686855 -0.05728787967339059 0.0 703.62353515625 492.8597717285156 989.8736572265625 SideFrontCam01 0
119_3 2 vehicle -10 1.75 2.0167253017425537 4.577319145202637 14.973065376281738 17.031972885131836 0.5540197491645813 -0.007525745937498135 0.00042800729351277214 0.998329243686855 -0.05728787967339059 1565.341552734375 312.0039978027344 1920.0 570.1593017578125 SideCam01 0
120_1 2 vehicle -10 1.75 2.0167253017425537 4.577319145202637 14.972816467285156 17.03193473815918 0.5540177822113037 -0.007526977039904864 0.0004759288003522323 0.9983292208819856 -0.057287737270601276 0.0 703.4556274414062 492.8332214355469 989.6539916992188 SideFrontCam01 0
120_3 2 vehicle -10 1.75 2.0167253017425537 4.577319145202637 14.972816467285156 17.03193473815918 0.5540177822113037 -0.007526977039904864 0.0004759288003522323 0.9983292208819856 -0.057287737270601276 1565.3140869140625 311.81719970703125 1920.0 569.9512329101562 SideCam01 0
121_1 2 vehicle -10 1.75 2.0167253017425537 4.577319145202637 14.97256851196289 17.03189468383789 0.5540158748626709 -0.007480291373918091 0.0005250818207379034 0.998329554091738 -0.05728761608789805 0.0 703.193359375 492.80718994140625 989.3047485351562 SideFrontCam01 0
121_3 2 vehicle -10 1.75 2.0167253017425537 4.577319145202637 14.97256851196289 17.03189468383789 0.5540158748626709 -0.007480291373918091 0.0005250818207379034 0.998329554091738 -0.05728761608789805 1565.297119140625 311.5265197753906 1920.0 569.6245727539062 SideCam01 0
122_1 2 vehicle -10 1.75 2.0167253017425537 4.577319145202637 14.972320556640625 17.0318546295166 0.5540139079093933 -0.007529961566004476 0.0005720613162299182 0.9983291640927846 -0.05728745540227048 0.0 703.1210327148438 492.5513610839844 989.2258911132812 SideFrontCam01 0
122_3 2 vehicle -10 1.75 2.0167253017425537 4.577319145202637 14.972320556640625 17.0318546295166 0.5540139079093933 -0.007529961566004476 0.0005720613162299182 0.9983291640927846 -0.05728745540227048 1565.0361328125 311.4360046386719 1920.0 569.502197265625 SideCam01 0
123_1 2 vehicle -10 1.75 2.0167253017425537 4.577319145202637 14.97207260131836 17.031816482543945 0.5540119409561157 -0.007480817721396069 0.0005253670432855777 0.9983295500111591 -0.057287615853740266 0.0 703.197021484375 492.5434265136719 989.3323364257812 SideFrontCam01 0
123_3 2 vehicle -10 1.75 2.0167253017425537 4.577319145202637 14.97207260131836 17.031816482543945 0.5540119409561157 -0.007480817721396069 0.0005253670432855777 0.9983295500111591 -0.057287615853740266 1565.017578125 311.5193176269531 1920.0 569.5979614257812 SideCam01 0
124_1 2 vehicle -10 1.75 2.0167253017425537 4.577319145202637 14.971824645996094 17.031776428222656 0.5540100336074829 -0.007482044357807114 0.0005732881763210212 0.9983295227436716 -0.05728747132914622 0.0 703.028564453125 492.5159606933594 989.1094360351562 SideFrontCam01 0
124_3 2 vehicle -10 1.75 2.0167253017425537 4.577319145202637 14.971824645996094 17.031776428222656 0.5540100336074829 -0.007482044357807114 0.0005732881763210212 0.9983295227436716 -0.05728747132914622 1564.994140625 311.33209228515625 1920.0 569.3875122070312 SideCam01 0
125_1 2 vehicle -10 1.75 2.0167253017425537 4.577319145202637 14.971575736999512 17.031736373901367 0.5540080666542053 -0.007482044357807114 0.0005732881763210212 0.9983295227436716 -0.05728747132914622 0.0 703.0289916992188 492.48626708984375 989.1123046875 SideFrontCam01 0
125_3 2 vehicle -10 1.75 2.0167253017425537 4.577319145202637 14.971575736999512 17.031736373901367 0.5540080666542053 -0.007482044357807114 0.0005732881763210212 0.9983295227436716 -0.05728747132914622 1564.96240234375 311.33111572265625 1920.0 569.385009765625 SideCam01 0
126_1 2 vehicle -10 1.75 2.0167253017425537 4.577319145202637 14.971327781677246 17.03169822692871 0.5540060997009277 -0.0074353537755513085 0.0006224365908111606 0.9983298495473828 -0.05728734231593437 0.0 702.7670288085938 492.4520568847656 988.7647094726562 SideFrontCam01 0
126_3 2 vehicle -10 1.75 2.0167253017425537 4.577319145202637 14.971327781677246 17.03169822692871 0.5540060997009277 -0.0074353537755513085 0.0006224365908111606 0.9983298495473828 -0.05728734231593437 1564.9349365234375 311.040283203125 1920.0 569.058349609375 SideCam01 0
127_1 2 vehicle -10 1.75 2.0167253017425537 4.577319145202637 14.97107982635498 17.031658172607422 0.5540041327476501 -0.007432374529478175 0.0005263132304407964 0.9983299103697378 -0.057287632735070204 0.0 703.1039428710938 492.660400390625 989.208251953125 SideFrontCam01 0
127_3 2 vehicle -10 1.75 2.0167253017425537 4.577319145202637 14.97107982635498 17.031658172607422 0.5540041327476501 -0.007432374529478175 0.0005263132304407964 0.9983299103697378 -0.057287632735070204 1565.1221923828125 311.42010498046875 1920.0 569.5072631835938 SideCam01 0
128_1 2 vehicle -10 1.75 2.0167253017425537 4.577319145202637 14.970831871032715 17.031618118286133 0.5540022253990173 -0.007480817721396069 0.0005253670432855777 0.9983295500111591 -0.057287615853740266 0.0 703.20068359375 492.41949462890625 989.3572387695312 SideFrontCam01 0
128_3 2 vehicle -10 1.75 2.0167253017425537 4.577319145202637 14.970831871032715 17.031618118286133 0.5540022253990173 -0.007480817721396069 0.0005253670432855777 0.9983295500111591 -0.057287615853740266 1564.866943359375 311.5168151855469 1920.0 569.5969848632812 SideCam01 0
129_1 2 vehicle -10 1.75 2.0167253017425537 4.577319145202637 14.97058391571045 17.031579971313477 0.5540002584457397 -0.007434127390657384 0.000574515007630492 0.998329879107539 -0.057287486972044714 0.0 702.9384765625 492.3909606933594 989.0086059570312 SideFrontCam01 0
129_3 2 vehicle -10 1.75 2.0167253017425537 4.577319145202637 14.97058391571045 17.031579971313477 0.5540002584457397 -0.007434127390657384 0.000574515007630492 0.998329879107539 -0.057287486972044714 1564.8463134765625 311.22613525390625 1920.0 569.2703857421875 SideCam01 0
130_1 2 vehicle -10 1.75 2.0167253017425537 4.577319145202637 14.970335006713867 17.031539916992188 0.5539982914924622 -0.0074353537755513085 0.0006224365908111606 0.9983298495473828 -0.05728734231593437 0.0 702.76953125 492.366943359375 988.7817993164062 SideFrontCam01 0
130_3 2 vehicle -10 1.75 2.0167253017425537 4.577319145202637 14.970335006713867 17.031539916992188 0.5539982914924622 -0.0074353537755513085 0.0006224365908111606 0.9983298495473828 -0.05728734231593437 1564.8314208984375 311.0386047363281 1920.0 569.0576171875 SideCam01 0
131_1 2 vehicle -10 1.75 2.0167253017425537 4.577319145202637 14.970087051391602 17.0314998626709 0.5539963841438293 -0.007434127390657384 0.000574515007630492 0.998329879107539 -0.057287486972044714 0.0 702.939453125 492.34478759765625 989.0145263671875 SideFrontCam01 0
131_3 2 vehicle -10 1.75 2.0167253017425537 4.577319145202637 14.970087051391602 17.0314998626709 0.5539963841438293 -0.007434127390657384 0.000574515007630492 0.998329879107539 -0.057287486972044714 1564.7947998046875 311.22479248046875 1920.0 569.2676391601562 SideCam01 0
132_1 2 vehicle -10 1.75 2.0167253017425537 4.577319145202637 14.969839096069336 17.031461715698242 0.5539944171905518 -0.00743290087716485 0.0005265938868817841 0.9983299063163888 -0.05728763250247498 0.0 703.1094970703125 492.324951171875 989.2492065429688 SideFrontCam01 0
132_3 2 vehicle -10 1.75 2.0167253017425537 4.577319145202637 14.969839096069336 17.031461715698242 0.5539944171905518 -0.00743290087716485 0.0005265938868817841 0.9983299063163888 -0.05728763250247498 1564.7576904296875 311.4113464355469 1920.0 569.4793701171875 SideCam01 0
133_1 2 vehicle -10 1.75 2.0167253017425537 4.577319145202637 14.969590187072754 17.031421661376953 0.5539924502372742 -0.0074353537755513085 0.0006224365908111606 0.9983298495473828 -0.05728734231593437 0.0 702.7721557617188 492.2987060546875 988.799560546875 SideFrontCam01 0
133_3 2 vehicle -10 1.75 2.0167253017425537 4.577319145202637 14.969590187072754 17.031421661376953 0.5539924502372742 -0.0074353537755513085 0.0006224365908111606 0.9983298495473828 -0.05728734231593437 1564.742431640625 311.0377502441406 1920.0 569.0601806640625 SideCam01 0
134_1 2 vehicle -10 1.75 2.0167253017425537 4.577319145202637 14.969342231750488 17.031381607055664 0.5539904832839966 -0.007436580365020689 0.000670358193890566 0.9983298175934257 -0.05728719923546492 0.0 702.6038208007812 492.2629699707031 988.5770874023438 SideFrontCam01 0
134_3 2 vehicle -10 1.75 2.0167253017425537 4.577319145202637 14.969342231750488 17.031381607055664 0.5539904832839966 -0.007436580365020689 0.000670358193890566 0.9983298175934257 -0.05728719923546492 1564.710693359375 310.8502502441406 1920.0 568.8487548828125 SideCam01 0
135_1 2 vehicle -10 1.75 2.0167253017425537 4.577319145202637 14.969094276428223 17.031343460083008 0.5539885759353638 -0.0074353537755513085 0.0006224365908111606 0.9983298495473828 -0.05728734231593437 0.0 702.773681640625 492.23406982421875 988.8095703125 SideFrontCam01 0
135_3 2 vehicle -10 1.75 2.0167253017425537 4.577319145202637 14.969094276428223 17.031343460083008 0.5539885759353638 -0.0074353537755513085 0.0006224365908111606 0.9983298495473828 -0.05728734231593437 1564.6680908203125 311.0361022949219 1920.0 569.0576171875 SideCam01 0
136_1 2 vehicle -10 1.75 2.0167253017425537 4.577319145202637 14.968846321105957 17.03130340576172 0.5539866089820862 -0.007434127390657384 0.000574515007630492 0.998329879107539 -0.057287486972044714 0.0 702.9434814453125 492.2234802246094 989.0421142578125 SideFrontCam01 0
136_3 2 vehicle -10 1.75 2.0167253017425537 4.577319145202637 14.968846321105957 17.03130340576172 0.5539866089820862 -0.007434127390657384 0.000574515007630492 0.998329879107539 -0.057287486972044714 1564.642578125 311.2228088378906 1920.0 569.26904296875 SideCam01 0
137_1 2 vehicle -10 1.75 2.0167253017425537 4.577319145202637 14.968598365783691 17.031265258789062 0.5539846420288086 -0.007434127390657384 0.000574515007630492 0.998329879107539 -0.057287486972044714 0.0 702.9439697265625 492.20135498046875 989.0453491210938 SideFrontCam01 0
137_3 2 vehicle -10 1.75 2.0167253017425537 4.577319145202637 14.968598365783691 17.031265258789062 0.5539846420288086 -0.007434127390657384 0.000574515007630492 0.998329879107539 -0.057287486972044714 1564.6173095703125 311.22216796875 1920.0 569.2680053710938 SideCam01 0
138_1 2 vehicle -10 1.75 2.0167253017425537 4.577319145202637 14.96834945678711 17.031225204467773 0.553982675075531 -0.0074353537755513085 0.0006224365908111606 0.9983298495473828 -0.05728734231593437 0.0 702.7757568359375 492.185302734375 988.8237915039062 SideFrontCam01 0
138_3 2 vehicle -10 1.75 2.0167253017425537 4.577319145202637 14.96834945678711 17.031225204467773 0.553982675075531 -0.0074353537755513085 0.0006224365908111606 0.9983298495473828 -0.05728734231593437 1564.602294921875 311.0356750488281 1920.0 569.060302734375 SideCam01 0
139_1 2 vehicle -10 1.75 2.0167253017425537 4.577319145202637 14.967853546142578 17.031147003173828 0.5539788007736206 -0.007482044357807114 0.0005732881763210212 0.9983295227436716 -0.05728747132914622 0.0 703.0399169921875 492.1272277832031 989.185546875 SideFrontCam01 0
139_3 2 vehicle -10 1.75 2.0167253017425537 4.577319145202637 14.967853546142578 17.031147003173828 0.5539788007736206 -0.007482044357807114 0.0005732881763210212 0.9983295227436716 -0.05728747132914622 1564.5238037109375 311.3240661621094 1920.0 569.383056640625 SideCam01 0
140_1 2 vehicle -10 1.75 2.0167253017425537 4.577319145202637 14.967357635498047 17.03106689453125 0.5539749264717102 -0.00748327085456519 0.0006212097779536258 0.9983294930269854 -0.05728732938627313 0.0 702.8728637695312 492.0640869140625 988.9721069335938 SideFrontCam01 0
140_3 2 vehicle -10 1.75 2.0167253017425537 4.577319145202637 14.967357635498047 17.03106689453125 0.5539749264717102 -0.00748327085456519 0.0006212097779536258 0.9983294930269854 -0.05728732938627313 1564.45361328125 311.13641357421875 1920.0 569.1739501953125 SideCam01 0
141_1 2 vehicle -10 1.75 2.0167253017425537 4.577319145202637 14.9668607711792 17.030988693237305 0.553970992565155 -0.007480291373918091 0.0005250818207379034 0.998329554091738 -0.05728761608789805 0.0 703.2100830078125 492.24560546875 989.4171142578125 SideFrontCam01 0
141_3 2 vehicle -10 1.75 2.0167253017425537 4.577319145202637 14.9668607711792 17.030988693237305 0.553970992565155 -0.007480291373918091 0.0005250818207379034 0.998329554091738 -0.05728761608789805 1564.614013671875 311.5152282714844 1920.0 569.619873046875 SideCam01 0
142_1 2 vehicle -10 1.75 2.0167253017425537 4.577319145202637 14.966612815856934 17.030948638916016 0.5539690256118774 -0.007526281614051506 0.00042829687566135933 0.9983292396447808 -0.05728787757567882 0.0 703.644775390625 492.0201110839844 990.01953125 SideFrontCam01 0
142_3 2 vehicle -10 1.75 2.0167253017425537 4.577319145202637 14.966612815856934 17.030948638916016 0.5539690256118774 -0.007526281614051506 0.00042829687566135933 0.9983292396447808 -0.05728787757567882 1564.357666015625 311.9855041503906 1920.0 570.1298828125 SideCam01 0
143_1 2 vehicle -10 1.75 2.0167253017425537 4.577319145202637 14.966364860534668 17.03091049194336 0.5539671182632446 -0.007526281614051506 0.00042829687566135933 0.9983292396447808 -0.05728787757567882 0.0 703.6452026367188 491.9901428222656 990.022216796875 SideFrontCam01 0
143_3 2 vehicle -10 1.75 2.0167253017425537 4.577319145202637 14.966364860534668 17.03091049194336 0.5539671182632446 -0.007526281614051506 0.00042829687566135933 0.9983292396447808 -0.05728787757567882 1564.326416015625 311.9844970703125 1920.0 570.127197265625 SideCam01 0
144_1 2 vehicle -10 1.75 2.0167253017425537 4.577319145202637 14.966116905212402 17.03087043762207 0.553965151309967 -0.00753118818403358 0.000619982926345201 0.9983291342107579 -0.057287316324875256 0.0 702.9702758789062 491.9244689941406 989.1224975585938 SideFrontCam01 0
144_3 2 vehicle -10 1.75 2.0167253017425537 4.577319145202637 14.966116905212402 17.03087043762207 0.553965151309967 -0.00753118818403358 0.000619982926345201 0.9983291342107579 -0.057287316324875256 1564.284423828125 311.23663330078125 1920.0 569.2864379882812 SideCam01 0
145_1 2 vehicle -10 1.75 2.0167253017425537 4.577319145202637 14.965868949890137 17.03083038330078 0.5539631843566895 -0.00753241477687088 0.0006679046219265891 0.9983291020433035 -0.057287176963579114 0.0 702.8021240234375 491.8942565917969 988.901611328125 SideFrontCam01 0
145_3 2 vehicle -10 1.75 2.0167253017425537 4.577319145202637 14.965868949890137 17.03083038330078 0.5539631843566895 -0.00753241477687088 0.0006679046219265891 0.9983291020433035 -0.057287176963579114 1564.2550048828125 311.049560546875 1920.0 569.0770263671875 SideCam01 0
146_1 2 vehicle -10 1.75 2.0167253017425537 4.577319145202637 14.965620994567871 17.030792236328125 0.5539612770080566 -0.007576651817292085 0.0005229131709358632 0.998328830884993 -0.057287575728583916 0.0 703.40380859375 491.8896789550781 989.7139892578125 SideFrontCam01 0
146_3 2 vehicle -10 1.75 2.0167253017425537 4.577319145202637 14.965620994567871 17.030792236328125 0.5539612770080566 -0.007576651817292085 0.0005229131709358632 0.998328830884993 -0.057287575728583916 1564.21533203125 311.7128601074219 1920.0 569.823974609375 SideCam01 0
147_1 2 vehicle -10 1.75 2.0167253017425537 4.577319145202637 14.965372085571289 17.030752182006836 0.553959310054779 -0.007623342286038387 0.000473764491257384 0.9983284932117473 -0.05728769362750483 0.0 703.5575561523438 491.8682861328125 989.9243774414062 SideFrontCam01 0
147_3 2 vehicle -10 1.75 2.0167253017425537 4.577319145202637 14.965372085571289 17.030752182006836 0.553959310054779 -0.007623342286038387 0.000473764491257384 0.9983284932117473 -0.05728769362750483 1564.181640625 311.88128662109375 1920.0 570.0136108398438 SideCam01 0
148_1 2 vehicle -10 1.75 2.0167253017425537 4.577319145202637 14.965124130249023 17.03071403503418 0.5539573431015015 -0.007625795811538291 0.0005696073976038807 0.9983284402218656 -0.057287417727021915 0.0 703.3300170898438 491.8257141113281 989.62255859375 SideFrontCam01 0
148_3 2 vehicle -10 1.75 2.0167253017425537 4.577319145202637 14.965124130249023 17.03071403503418 0.5539573431015015 -0.007625795811538291 0.0005696073976038807 0.9983284402218656 -0.057287417727021915 1564.1458740234375 311.6281433105469 1920.0 569.72802734375 SideCam01 0
149_1 2 vehicle -10 1.75 2.0167253017425537 4.577319145202637 14.964876174926758 17.03067398071289 0.5539554357528687 -0.00757910517856245 0.0006187560672144257 0.9983287732675082 -0.05728730026640868 0.0 703.0680541992188 491.799560546875 989.2755737304688 SideFrontCam01 0
149_3 2 vehicle -10 1.75 2.0167253017425537 4.577319145202637 14.964876174926758 17.03067398071289 0.5539554357528687 -0.00757910517856245 0.0006187560672144257 0.9983287732675082 -0.05728730026640868 1564.124755859375 311.3377990722656 1920.0 569.4031372070312 SideCam01 0
150_1 2 vehicle -10 1.75 2.0167253017425537 4.577319145202637 14.964628219604492 17.0306339263916 0.5539534687995911 -0.0076245689405145456 0.0005216861910106723 0.9983284678112874 -0.05728755667295291 0.0 703.500244140625 491.7886962890625 989.8578491210938 SideFrontCam01 0
150_3 2 vehicle -10 1.75 2.0167253017425537 4.577319145202637 14.964628219604492 17.0306339263916 0.5539534687995911 -0.0076245689405145456 0.0005216861910106723 0.9983284678112874 -0.05728755667295291 1564.091796875 311.81396484375 1920.0 569.9374389648438 SideCam01 0
151_1 2 vehicle -10 1.75 2.0167253017425537 4.577319145202637 14.964380264282227 17.030595779418945 0.5539515018463135 -0.007525055037574588 0.0003803757372378292 0.9983292600867344 -0.057288020699385746 0.0 703.8202514648438 491.8085632324219 990.2899169921875 SideFrontCam01 0
151_3 2 vehicle -10 1.75 2.0167253017425537 4.577319145202637 14.964380264282227 17.030595779418945 0.5539515018463135 -0.007525055037574588 0.0003803757372378292 0.9983292600867344 -0.057288020699385746 1564.09130859375 312.16778564453125 1920.0 570.3379516601562 SideCam01 0
152_1 2 vehicle -10 1.75 2.0167253017425537 4.577319145202637 14.964131355285645 17.030555725097656 0.5539495348930359 -0.007478364631157681 0.0004295238216076442 0.9983295977691402 -0.0572879026482622 0.0 703.5581665039062 491.7806701660156 989.9418334960938 SideFrontCam01 0
152_3 2 vehicle -10 1.75 2.0167253017425537 4.577319145202637 14.964131355285645 17.030555725097656 0.5539495348930359 -0.007478364631157681 0.0004295238216076442 0.9983295977691402 -0.0572879026482622 1564.07080078125 311.8772888183594 1920.0 570.0120239257812 SideCam01 0
153_1 2 vehicle -10 1.75 2.0167253017425537 4.577319145202637 14.963883399963379 17.030515670776367 0.5539476275444031 -0.00743360559564525 0.0005742342188468199 0.9983298830835237 -0.05728748820945249 0.0 702.9561767578125 491.95391845703125 989.124755859375 SideFrontCam01 0
153_3 2 vehicle -10 1.75 2.0167253017425537 4.577319145202637 14.963883399963379 17.030515670776367 0.5539476275444031 -0.00743360559564525 0.0005742342188468199 0.9983298830835237 -0.05728748820945249 1564.268310546875 311.21978759765625 1920.0 569.2937622070312 SideCam01 0
154_1 2 vehicle -10 1.75 2.0167253017425537 4.577319145202637 14.963635444641113 17.03047752380371 0.5539456605911255 -0.007434127390657384 0.000574515007630492 0.998329879107539 -0.057287486972044714 0.0 702.95849609375 491.7059326171875 989.1428833007812 SideFrontCam01 0
154_3 2 vehicle -10 1.75 2.0167253017425537 4.577319145202637 14.963635444641113 17.03047752380371 0.5539456605911255 -0.007434127390657384 0.000574515007630492 0.998329879107539 -0.057287486972044714 1564.01708984375 311.2121276855469 1920.0 569.2628173828125 SideCam01 0
155_1 2 vehicle -10 1.75 2.0167253017425537 4.577319145202637 14.963387489318848 17.030437469482422 0.5539436936378479 -0.007480817721396069 0.0005253670432855777 0.9983295500111591 -0.057287615853740266 0.0 703.22216796875 491.6932678222656 989.501708984375 SideFrontCam01 0
155_3 2 vehicle -10 1.75 2.0167253017425537 4.577319145202637 14.963387489318848 17.030437469482422 0.5539436936378479 -0.007480817721396069 0.0005253670432855777 0.9983295500111591 -0.057287615853740266 1563.9854736328125 311.50213623046875 1920.0 569.5902709960938 SideCam01 0
156_1 2 vehicle -10 1.75 2.0167253017425537 4.577319145202637 14.963139533996582 17.030397415161133 0.5539417862892151 -0.007479591301848538 0.0004774454462659574 0.9983295750897098 -0.05728775838695841 0.0 703.3919677734375 491.6648864746094 989.734130859375 SideFrontCam01 0
156_3 2 vehicle -10 1.75 2.0167253017425537 4.577319145202637 14.963139533996582 17.030397415161133 0.5539417862892151 -0.007479591301848538 0.0004774454462659574 0.9983295750897098 -0.05728775838695841 1563.943359375 311.68804931640625 1920.0 569.799072265625 SideCam01 0
157_1 2 vehicle -10 1.75 2.0167253017425537 4.577319145202637 14.962891578674316 17.030359268188477 0.5539398193359375 -0.007528734938737787 0.0005241401243066226 0.9983291916716294 -0.05728759450023668 0.0 703.3174438476562 491.6422424316406 989.637451171875 SideFrontCam01 0
157_3 2 vehicle -10 1.75 2.0167253017425537 4.577319145202637 14.962891578674316 17.030359268188477 0.5539398193359375 -0.007528734938737787 0.0005241401243066226 0.9983291916716294 -0.05728759450023668 1563.9193115234375 311.6044616699219 1920.0 569.7056884765625 SideCam01 0
158_1 2 vehicle -10 1.75 2.0167253017425537 4.577319145202637 14.962642669677734 17.030319213867188 0.5539378523826599 -0.007529961566004476 0.0005720613162299182 0.9983291640927846 -0.05728745540227048 0.0 703.1491088867188 491.5987548828125 989.4151611328125 SideFrontCam01 0
158_3 2 vehicle -10 1.75 2.0167253017425537 4.577319145202637 14.962642669677734 17.030319213867188 0.5539378523826599 -0.007529961566004476 0.0005720613162299182 0.9983291640927846 -0.05728745540227048 1563.8800048828125 311.4166259765625 1920.0 569.4932250976562 SideCam01 0
159_1 2 vehicle -10 1.75 2.0167253017425537 4.577319145202637 14.962394714355469 17.0302791595459 0.5539358854293823 -0.007529961566004476 0.0005720613162299182 0.9983291640927846 -0.05728745540227048 0.0 703.1499633789062 491.5693054199219 989.42138671875 SideFrontCam01 0
159_3 2 vehicle -10 1.75 2.0167253017425537 4.577319145202637 14.962394714355469 17.0302791595459 0.5539358854293823 -0.007529961566004476 0.0005720613162299182 0.9983291640927846 -0.05728745540227048 1563.843505859375 311.4161071777344 1920.0 569.4933471679688 SideCam01 0
160_1 2 vehicle -10 1.75 2.0167253017425537 4.577319145202637 14.962146759033203 17.030241012573242 0.5539339780807495 -0.007528734938737787 0.0005241401243066226 0.9983291916716294 -0.05728759450023668 0.0 703.3196411132812 491.5669860839844 989.653076171875 SideFrontCam01 0
160_3 2 vehicle -10 1.75 2.0167253017425537 4.577319145202637 14.962146759033203 17.030241012573242 0.5539339780807495 -0.007528734938737787 0.0005241401243066226 0.9983291916716294 -0.05728759450023668 1563.826904296875 311.60302734375 1920.0 569.70556640625 SideCam01 0
161_1 2 vehicle -10 1.75 2.0167253017425537 4.577319145202637 14.961898803710938 17.030200958251953 0.5539320111274719 -0.007479591301848538 0.0004774454462659574 0.9983295750897098 -0.05728775838695841 0.0 703.3953247070312 491.55975341796875 989.7567138671875 SideFrontCam01 0
161_3 2 vehicle -10 1.75 2.0167253017425537 4.577319145202637 14.961898803710938 17.030200958251953 0.5539320111274719 -0.007479591301848538 0.0004774454462659574 0.9983295750897098 -0.05728775838695841 1563.8133544921875 311.68609619140625 1920.0 569.79931640625 SideCam01 0
162_1 2 vehicle -10 1.75 2.0167253017425537 4.577319145202637 14.961650848388672 17.030162811279297 0.5539300441741943 -0.007480817721396069 0.0005253670432855777 0.9983295500111591 -0.057287615853740266 0.0 703.227294921875 491.5220947265625 989.5361328125 SideFrontCam01 0
162_3 2 vehicle -10 1.75 2.0167253017425537 4.577319145202637 14.961650848388672 17.030162811279297 0.5539300441741943 -0.007480817721396069 0.0005253670432855777 0.9983295500111591 -0.057287615853740266 1563.7769775390625 311.4987487792969 1920.0 569.5890502929688 SideCam01 0
163_1 2 vehicle -10 1.75 2.0167253017425537 4.577319145202637 14.961402893066406 17.030122756958008 0.5539281368255615 -0.007480291373918091 0.0005250818207379034 0.998329554091738 -0.05728761608789805 0.0 703.2257080078125 491.7185974121094 989.5225830078125 SideFrontCam01 0
163_3 2 vehicle -10 1.75 2.0167253017425537 4.577319145202637 14.961402893066406 17.030122756958008 0.5539281368255615 -0.007480291373918091 0.0005250818207379034 0.998329554091738 -0.05728761608789805 1563.9732666015625 311.5046691894531 1920.0 569.615478515625 SideCam01 0
164_1 2 vehicle -10 1.75 2.0167253017425537 4.577319145202637 14.96115493774414 17.03008270263672 0.5539261698722839 -0.00743290087716485 0.0005265938868817841 0.9983299063163888 -0.05728763250247498 0.0 703.1348266601562 491.4813232421875 989.4190673828125 SideFrontCam01 0
164_3 2 vehicle -10 1.75 2.0167253017425537 4.577319145202637 14.96115493774414 17.03008270263672 0.5539261698722839 -0.00743290087716485 0.0005265938868817841 0.9983299063163888 -0.05728763250247498 1563.730712890625 311.3946228027344 1920.0 569.47314453125 SideCam01 0
165_1 2 vehicle -10 1.75 2.0167253017425537 4.577319145202637 14.960906028747559 17.030044555664062 0.5539242029190063 -0.007479591301848538 0.0004774454462659574 0.9983295750897098 -0.05728775838695841 0.0 703.3983154296875 491.4644775390625 989.7761840820312 SideFrontCam01 0
165_3 2 vehicle -10 1.75 2.0167253017425537 4.577319145202637 14.960906028747559 17.030044555664062 0.5539242029190063 -0.007479591301848538 0.0004774454462659574 0.9983295750897098 -0.05728775838695841 1563.697265625 311.6842346191406 1920.0 569.7987670898438 SideCam01 0
166_1 2 vehicle -10 1.75 2.0167253017425537 4.577319145202637 14.960658073425293 17.030004501342773 0.5539222359657288 -0.007479591301848538 0.0004774454462659574 0.9983295750897098 -0.05728775838695841 0.0 703.3993530273438 491.43646240234375 989.7833862304688 SideFrontCam01 0
166_3 2 vehicle -10 1.75 2.0167253017425537 4.577319145202637 14.960658073425293 17.030004501342773 0.5539222359657288 -0.007479591301848538 0.0004774454462659574 0.9983295750897098 -0.05728775838695841 1563.6607666015625 311.68389892578125 1920.0 569.7997436523438 SideCam01 0
167_1 2 vehicle -10 1.75 2.0167253017425537 4.577319145202637 14.960410118103027 17.029964447021484 0.553920328617096 -0.007480817721396069 0.0005253670432855777 0.9983295500111591 -0.057287615853740266 0.0 703.2310180664062 491.3914794921875 989.56103515625 SideFrontCam01 0
167_3 2 vehicle -10 1.75 2.0167253017425537 4.577319145202637 14.960410118103027 17.029964447021484 0.553920328617096 -0.007480817721396069 0.0005253670432855777 0.9983295500111591 -0.057287615853740266 1563.619873046875 311.4959411621094 1920.0 569.5870971679688 SideCam01 0
168_1 2 vehicle -10 1.75 2.0167253017425537 4.577319145202637 14.960162162780762 17.029926300048828 0.5539183616638184 -0.007482044357807114 0.0005732881763210212 0.9983295227436716 -0.05728747132914622 0.0 703.062255859375 491.36865234375 989.3359375 SideFrontCam01 0
168_3 2 vehicle -10 1.75 2.0167253017425537 4.577319145202637 14.960162162780762 17.029926300048828 0.5539183616638184 -0.007482044357807114 0.0005732881763210212 0.9983295227436716 -0.05728747132914622 1563.603759765625 311.3086853027344 1920.0 569.3757934570312 SideCam01 0
169_1 2 vehicle -10 1.75 2.0167253017425537 4.577319145202637 14.959914207458496 17.02988624572754 0.5539163947105408 -0.007434127390657384 0.000574515007630492 0.998329879107539 -0.057287486972044714 0.0 702.9693603515625 491.35369873046875 989.2161254882812 SideFrontCam01 0
169_3 2 vehicle -10 1.75 2.0167253017425537 4.577319145202637 14.959914207458496 17.02988624572754 0.5539163947105408 -0.007434127390657384 0.000574515007630492 0.998329879107539 -0.057287486972044714 1563.5855712890625 311.2054443359375 1920.0 569.261962890625 SideCam01 0
170_1 2 vehicle -10 1.75 2.0167253017425537 4.577319145202637 14.959665298461914 17.02984619140625 0.553914487361908 -0.007480817721396069 0.0005253670432855777 0.9983295500111591 -0.057287615853740266 0.0 703.2328491210938 491.329833984375 989.57373046875 SideFrontCam01 0
170_3 2 vehicle -10 1.75 2.0167253017425537 4.577319145202637 14.959665298461914 17.02984619140625 0.553914487361908 -0.007480817721396069 0.0005253670432855777 0.9983295500111591 -0.057287615853740266 1563.54443359375 311.4947509765625 1920.0 569.5867919921875 SideCam01 0
171_1 2 vehicle -10 1.75 2.0167253017425537 4.577319145202637 14.959417343139648 17.029808044433594 0.5539125204086304 -0.007482044357807114 0.0005732881763210212 0.9983295227436716 -0.05728747132914622 0.0 703.0646362304688 491.2930603027344 989.35205078125 SideFrontCam01 0
171_3 2 vehicle -10 1.75 2.0167253017425537 4.577319145202637 14.959417343139648 17.029808044433594 0.5539125204086304 -0.007482044357807114 0.0005732881763210212 0.9983295227436716 -0.05728747132914622 1563.5101318359375 311.3072814941406 1920.0 569.3759155273438 SideCam01 0
172_1 2 vehicle -10 1.75 2.0167253017425537 4.577319145202637 14.959169387817383 17.029767990112305 0.5539105534553528 -0.0074353537755513085 0.0006224365908111606 0.9983298495473828 -0.05728734231593437 0.0 702.8027954101562 491.2665710449219 989.0057373046875 SideFrontCam01 0
172_3 2 vehicle -10 1.75 2.0167253017425537 4.577319145202637 14.959169387817383 17.029767990112305 0.5539105534553528 -0.0074353537755513085 0.0006224365908111606 0.9983298495473828 -0.05728734231593437 1563.48828125 311.0171203613281 1920.0 569.0515747070312 SideCam01 0
173_1 2 vehicle -10 1.75 2.0167253017425537 4.577319145202637 14.9589204788208 17.029727935791016 0.5539085865020752 -0.007482044357807114 0.0005732881763210212 0.9983295227436716 -0.05728747132914622 0.0 703.0662231445312 491.2419128417969 989.3626708984375 SideFrontCam01 0
173_3 2 vehicle -10 1.75 2.0167253017425537 4.577319145202637 14.9589204788208 17.029727935791016 0.5539085865020752 -0.007482044357807114 0.0005732881763210212 0.9983295227436716 -0.05728747132914622 1563.4478759765625 311.30633544921875 1920.0 569.3757934570312 SideCam01 0
174_1 2 vehicle -10 1.75 2.0167253017425537 4.577319145202637 14.958672523498535 17.02968978881836 0.5539066791534424 -0.007528734938737787 0.0005241401243066226 0.9983291916716294 -0.05728759450023668 0.0 703.3295288085938 491.2257995605469 989.7192993164062 SideFrontCam01 0
174_3 2 vehicle -10 1.75 2.0167253017425537 4.577319145202637 14.958672523498535 17.02968978881836 0.5539066791534424 -0.007528734938737787 0.0005241401243066226 0.9983291916716294 -0.05728759450023668 1563.4154052734375 311.5958251953125 1920.0 569.7010498046875 SideCam01 0
175_1 2 vehicle -10 1.75 2.0167253017425537 4.577319145202637 14.95842456817627 17.02964973449707 0.5539047122001648 -0.007480817721396069 0.0005253670432855777 0.9983295500111591 -0.057287615853740266 0.0 703.2366943359375 491.20721435546875 989.599609375 SideFrontCam01 0
175_3 2 vehicle -10 1.75 2.0167253017425537 4.577319145202637 14.95842456817627 17.02964973449707 0.5539047122001648 -0.007480817721396069 0.0005253670432855777 0.9983295500111591 -0.057287615853740266 1563.3935546875 311.4924621582031 1920.0 569.5867309570312 SideCam01 0
176_1 2 vehicle -10 1.75 2.0167253017425537 4.577319145202637 14.958176612854004 17.02960968017578 0.5539027452468872 -0.007480817721396069 0.0005253670432855777 0.9983295500111591 -0.057287615853740266 0.0 703.2374877929688 491.1884765625 989.6048583984375 SideFrontCam01 0
176_3 2 vehicle -10 1.75 2.0167253017425537 4.577319145202637 14.958176612854004 17.02960968017578 0.5539027452468872 -0.007480817721396069 0.0005253670432855777 0.9983295500111591 -0.057287615853740266 1563.3687744140625 311.4923095703125 1920.0 569.5877685546875 SideCam01 0
177_1 2 vehicle -10 1.75 2.0167253017425537 4.577319145202637 14.957927703857422 17.029571533203125 0.5539007782936096 -0.00752750828461589 0.00047621851448251213 0.9983292167519291 -0.057287737033603715 0.0 703.5011596679688 491.1539001464844 989.9638061523438 SideFrontCam01 0
177_3 2 vehicle -10 1.75 2.0167253017425537 4.577319145202637 14.957927703857422 17.029571533203125 0.5539007782936096 -0.00752750828461589 0.00047621851448251213 0.9983292167519291 -0.057287737033603715 1563.316162109375 311.78125 1920.0 569.9118041992188 SideCam01 0
178_1 2 vehicle -10 1.75 2.0167253017425537 4.577319145202637 14.957679748535156 17.029531478881836 0.5538988709449768 -0.007528734938737787 0.0005241401243066226 0.9983291916716294 -0.05728759450023668 0.0 703.3329467773438 491.12628173828125 989.74267578125 SideFrontCam01 0
178_3 2 vehicle -10 1.75 2.0167253017425537 4.577319145202637 14.957679748535156 17.029531478881836 0.5538988709449768 -0.007528734938737787 0.0005241401243066226 0.9983291916716294 -0.05728759450023668 1563.28955078125 311.59429931640625 1920.0 569.7028198242188 SideCam01 0
179_1 2 vehicle -10 1.75 2.0167253017425537 4.577319145202637 14.95743179321289 17.02949333190918 0.5538969039916992 -0.007480817721396069 0.0005253670432855777 0.9983295500111591 -0.057287615853740266 0.0 703.2393798828125 491.11322021484375 989.6180419921875 SideFrontCam01 0
179_3 2 vehicle -10 1.75 2.0167253017425537 4.577319145202637 14.95743179321289 17.02949333190918 0.5538969039916992 -0.007480817721396069 0.0005253670432855777 0.9983295500111591 -0.057287615853740266 1563.27978515625 311.49053955078125 1920.0 569.585693359375 SideCam01 0
180_1 2 vehicle -10 1.75 2.0167253017425537 4.577319145202637 14.957183837890625 17.02945327758789 0.5538949370384216 -0.007528734938737787 0.0005241401243066226 0.9983291916716294 -0.05728759450023668 0.0 703.3339233398438 491.08038330078125 989.7489013671875 SideFrontCam01 0
180_3 2 vehicle -10 1.75 2.0167253017425537 4.577319145202637 14.957183837890625 17.02945327758789 0.5538949370384216 -0.007528734938737787 0.0005241401243066226 0.9983291916716294 -0.05728759450023668 1563.238037109375 311.5929870605469 1920.0 569.7001953125 SideCam01 0
181_1 2 vehicle -10 1.75 2.0167253017425537 4.577319145202637 14.956934928894043 17.0294132232666 0.5538930296897888 -0.007526977039904864 0.0004759288003522323 0.9983292208819856 -0.057287737270601276 0.0 703.5018920898438 491.2747802734375 989.9656982421875 SideFrontCam01 0
181_3 2 vehicle -10 1.75 2.0167253017425537 4.577319145202637 14.956934928894043 17.0294132232666 0.5538930296897888 -0.007526977039904864 0.0004759288003522323 0.9983292208819856 -0.057287737270601276 1563.4197998046875 311.78570556640625 1920.0 569.9380493164062 SideCam01 0
182_1 2 vehicle -10 1.75 2.0167253017425537 4.577319145202637 14.956686973571777 17.029375076293945 0.5538910627365112 -0.00743290087716485 0.0005265938868817841 0.9983299063163888 -0.05728763250247498 0.0 703.1480102539062 491.0452575683594 989.5076904296875 SideFrontCam01 0
182_3 2 vehicle -10 1.75 2.0167253017425537 4.577319145202637 14.956686973571777 17.029375076293945 0.5538910627365112 -0.00743290087716485 0.0005265938868817841 0.9983299063163888 -0.05728763250247498 1563.19921875 311.3861083984375 1920.0 569.4705200195312 SideCam01 0
